~o <StreamInfo> 1 25
<VecSize> 25
<nulld>
<mfcc_D_N_Z_0>
<diagc>
~s "silst"
<Mean> 25
 -7.863436e+00 -3.320112e+00 6.560163e-01 2.527680e+00 5.371325e+00 1.730825e+00 4.599068e+00 2.971575e+00 2.109996e+00 -7.502552e-01 1.320386e+00 3.727240e+00 -1.242165e-02 9.514597e-03 -4.869393e-02 5.092059e-02 4.786617e-02 6.072671e-02 6.275101e-02 4.096786e-02 3.249269e-02 7.250294e-02 -1.366032e-03 -1.350702e-02 -1.142808e-01
<Variance> 25
 9.033214e+00 2.644391e+01 1.628407e+01 1.402506e+01 1.679395e+01 2.237002e+01 2.791209e+01 2.273634e+01 2.389869e+01 3.806849e+01 3.777568e+01 1.915959e+01 2.919443e-01 5.874014e-01 6.015545e-01 7.320272e-01 9.174526e-01 1.277912e+00 1.326950e+00 1.439314e+00 1.480296e+00 1.575853e+00 1.478302e+00 1.226431e+00 2.775031e-01
<GConst> 8.101617e+01
~h "a"
<BeginHMM>
<NumStates> 5
<State> 2
<Mean> 25
 7.592797e+00 -2.881396e+00 -5.573251e+00 -8.457970e+00 -4.334702e-01 6.415094e+00 -3.533338e-01 -2.285972e+00 2.335960e-01 3.419783e-02 3.017310e+00 -1.854425e+00 6.392911e-02 -5.417476e-01 -3.457664e-01 -1.399297e-01 4.483046e-01 3.950254e-01 -5.691537e-02 1.976579e-01 2.189491e-01 1.694405e-01 -2.326685e-02 -3.877762e-01 4.040013e-01
<Variance> 25
 6.935455e+00 1.462259e+01 2.220077e+01 3.725151e+01 4.261233e+01 4.667774e+01 5.328896e+01 4.351228e+01 4.427815e+01 3.394845e+01 4.840251e+01 2.696839e+01 5.132874e-01 9.594363e-01 1.258396e+00 2.124380e+00 2.501739e+00 2.510232e+00 2.619830e+00 2.220311e+00 1.921895e+00 2.251352e+00 2.086218e+00 1.536116e+00 4.961013e-01
<GConst> 9.291927e+01
<State> 3
<Mean> 25
 6.452265e+00 -4.689660e+00 -6.151072e+00 -3.915531e+00 2.917696e+00 3.333836e+00 -3.191295e+00 4.019966e-01 1.383848e+00 -4.096698e-01 -1.870921e+00 -3.742087e+00 -2.792213e-01 -3.731265e-02 6.346529e-01 6.312927e-01 -2.780973e-01 -8.609660e-01 -1.668621e-01 6.900012e-01 1.000128e-01 -2.532813e-01 -4.768031e-01 3.013330e-01 -5.584843e-02
<Variance> 25
 5.842053e+00 1.517436e+01 2.111888e+01 2.756564e+01 3.769598e+01 3.556298e+01 4.172903e+01 4.204352e+01 4.593450e+01 3.270375e+01 4.210633e+01 3.273637e+01 3.749195e-01 7.746072e-01 1.072212e+00 1.645728e+00 2.094440e+00 2.211123e+00 2.482235e+00 2.753223e+00 2.019301e+00 2.402291e+00 1.917400e+00 1.936512e+00 3.235023e-01
<GConst> 9.056118e+01
<State> 4
<Mean> 25
 5.952700e+00 -2.858427e+00 -3.581909e+00 -3.767249e+00 3.159469e-01 1.012233e+00 -3.378724e+00 3.839197e-01 1.219511e+00 -2.775746e-01 -4.313558e-01 -2.100069e+00 -2.776824e-01 1.056371e+00 1.030662e+00 1.014422e+00 -6.917313e-01 -9.364342e-01 2.344625e-01 -4.500804e-01 -4.296956e-01 3.184833e-02 5.928895e-02 5.613855e-01 -1.097587e+00
<Variance> 25
 6.908952e+00 2.020088e+01 2.039783e+01 3.062818e+01 3.514543e+01 4.314416e+01 4.181227e+01 5.429964e+01 4.031485e+01 4.563103e+01 4.582751e+01 3.241610e+01 1.111819e+00 1.556429e+00 1.947447e+00 2.272176e+00 3.288031e+00 2.566066e+00 3.043665e+00 3.059601e+00 2.832988e+00 2.602924e+00 2.210342e+00 1.997099e+00 9.261323e-01
<GConst> 9.700114e+01
<TransP> 5
 0.000000e+00 1.000000e+00 0.000000e+00 0.000000e+00 0.000000e+00
 0.000000e+00 6.287591e-01 3.712409e-01 0.000000e+00 0.000000e+00
 0.000000e+00 0.000000e+00 5.456948e-01 4.543053e-01 0.000000e+00
 0.000000e+00 0.000000e+00 0.000000e+00 3.826387e-01 6.173613e-01
 0.000000e+00 0.000000e+00 0.000000e+00 0.000000e+00 0.000000e+00
<EndHMM>
~h "b"
<BeginHMM>
<NumStates> 5
<State> 2
<Mean> 25
 7.745468e+00 4.204825e+00 -1.694412e+00 -2.090436e+00 3.005699e-01 3.092528e+00 2.472209e-01 -4.878006e+00 -1.878449e+00 -6.682682e-03 2.365024e+00 8.559541e-01 -4.024452e-02 -4.063123e-02 4.689466e-02 -1.998896e-01 -1.041488e-01 4.973024e-02 -8.541980e-02 3.756036e-01 1.129313e-01 4.524900e-02 1.143166e-01 4.417168e-01 -6.893695e-02
<Variance> 25
 2.030431e+01 1.692473e+01 1.898364e+01 4.731277e+01 1.864992e+01 3.229823e+01 3.657390e+01 3.219810e+01 3.097491e+01 2.618463e+01 3.714518e+01 2.780115e+01 1.562538e+00 2.056978e+00 1.925178e+00 3.068523e+00 1.662899e+00 2.569392e+00 3.294514e+00 3.317248e+00 3.534045e+00 2.836691e+00 2.813615e+00 2.556911e+00 4.060634e+00
<GConst> 9.816434e+01
<State> 3
<Mean> 25
 5.714634e+00 2.086476e+00 -5.582089e-01 2.210086e-01 -5.397515e-02 6.568901e-01 -1.637096e+00 -3.142405e+00 -5.053055e-01 6.942431e-01 2.184956e+00 1.082694e+00 1.717628e-01 -1.916418e+00 -2.208719e-01 -1.116467e+00 -1.193385e+00 -9.110457e-01 -1.395716e+00 7.817302e-01 8.762423e-01 8.265910e-01 2.821796e-01 -9.017802e-02 3.004632e+00
<Variance> 25
 2.281009e+01 1.471667e+01 2.405038e+01 4.023895e+01 1.994091e+01 3.683759e+01 4.176889e+01 3.615205e+01 3.369010e+01 2.952634e+01 3.483937e+01 2.026674e+01 3.312049e+00 2.257025e+00 5.109216e+00 5.337679e+00 2.450448e+00 4.006470e+00 7.536027e+00 3.620787e+00 5.997955e+00 5.105695e+00 6.027030e+00 3.864810e+00 3.979906e+00
<GConst> 1.048787e+02
<State> 4
<Mean> 25
 7.068720e+00 -2.260154e+00 -1.083870e+00 -3.198657e+00 -2.846584e+00 -1.140974e+00 -4.824899e+00 -8.531366e-01 4.512311e-01 2.706290e+00 3.288514e+00 3.038701e-01 -3.481351e-01 -1.689606e+00 -5.988028e-02 -1.108811e+00 -8.279790e-01 -6.541792e-01 -4.382714e-01 1.267188e+00 8.258793e-01 5.913791e-01 -4.430123e-01 -4.445083e-01 2.584579e+00
<Variance> 25
 1.330151e+01 1.988947e+01 4.093495e+01 5.592106e+01 1.857468e+01 5.584382e+01 5.645635e+01 4.591347e+01 3.502647e+01 3.208224e+01 5.059650e+01 2.443386e+01 2.321161e+00 2.044968e+00 4.207165e+00 3.266217e+00 3.497650e+00 3.870672e+00 4.904809e+00 4.298623e+00 5.067472e+00 5.445151e+00 4.324383e+00 3.771113e+00 2.841717e+00
<GConst> 1.051953e+02
<TransP> 5
 0.000000e+00 1.000000e+00 0.000000e+00 0.000000e+00 0.000000e+00
 0.000000e+00 5.349193e-01 4.650807e-01 0.000000e+00 0.000000e+00
 0.000000e+00 0.000000e+00 2.017198e-01 7.982802e-01 0.000000e+00
 0.000000e+00 0.000000e+00 0.000000e+00 2.205070e-01 7.794930e-01
 0.000000e+00 0.000000e+00 0.000000e+00 0.000000e+00 0.000000e+00
<EndHMM>
~h "d"
<BeginHMM>
<NumStates> 5
<State> 2
<Mean> 25
 1.786055e+00 5.325859e+00 1.816499e+00 1.906894e+00 -1.329162e+00 -2.904237e+00 5.520527e-01 -2.563490e+00 2.496940e-01 4.755300e-01 -9.274472e-01 -1.987588e-01 -5.910255e-01 1.625280e-01 -3.322667e-01 1.578136e-01 6.257715e-01 2.354513e-01 3.764310e-01 -4.227916e-02 9.036879e-02 1.099430e-01 1.279062e-01 2.450397e-01 -8.682879e-01
<Variance> 25
 2.423046e+01 2.457340e+01 2.180860e+01 2.313045e+01 3.335422e+01 2.163374e+01 4.075348e+01 3.958502e+01 3.316704e+01 4.116038e+01 2.350500e+01 3.217957e+01 1.706380e+00 2.128334e+00 1.423488e+00 1.923609e+00 1.703800e+00 2.341060e+00 2.873062e+00 2.605944e+00 2.012949e+00 2.339397e+00 2.333628e+00 2.125815e+00 2.775355e+00
<GConst> 9.624020e+01
<State> 3
<Mean> 25
 -1.930646e+00 4.127220e+00 6.960858e-01 2.013604e+00 8.367411e-01 -1.349845e+00 1.296925e+00 -1.605155e+00 7.581189e-01 7.228246e-01 3.263186e-01 1.375295e-01 -9.798440e-01 -9.640346e-01 -3.962021e-01 -6.968418e-01 -6.477440e-02 -3.890275e-01 -5.276815e-01 4.303575e-01 4.328904e-01 4.801299e-01 8.054191e-01 2.266766e-01 1.819059e+00
<Variance> 25
 3.492965e+01 2.706019e+01 2.832317e+01 2.897079e+01 2.562811e+01 3.174732e+01 3.670562e+01 3.369426e+01 2.499964e+01 3.342390e+01 2.616088e+01 2.279206e+01 4.794371e+00 2.572985e+00 2.494964e+00 2.477038e+00 2.969124e+00 3.841018e+00 3.656000e+00 4.728010e+00 2.763952e+00 3.461159e+00 3.114444e+00 2.527993e+00 3.270083e+00
<GConst> 1.015731e+02
<State> 4
<Mean> 25
 -4.102169e-01 1.785188e+00 -2.507644e-01 -4.965414e-01 -2.069852e+00 -4.776658e+00 -8.723729e-01 1.590027e-01 1.582180e+00 1.065513e+00 6.593409e-01 6.109137e-01 6.310998e-01 -1.712604e+00 -4.219674e-01 -1.133021e+00 -6.796513e-01 -3.605900e-02 -1.889781e-01 1.532032e+00 -6.770302e-02 -6.048647e-01 -6.536654e-01 4.382944e-04 1.993842e+00
<Variance> 25
 2.879035e+01 2.212235e+01 2.154374e+01 2.583755e+01 3.966830e+01 4.140322e+01 3.789817e+01 3.316777e+01 2.861395e+01 3.873088e+01 2.909531e+01 2.384856e+01 3.944174e+00 3.160249e+00 2.397704e+00 3.727098e+00 4.348668e+00 3.849336e+00 4.155647e+00 4.665829e+00 4.080569e+00 5.325353e+00 3.958504e+00 2.926988e+00 2.925956e+00
<GConst> 1.039164e+02
<TransP> 5
 0.000000e+00 1.000000e+00 0.000000e+00 0.000000e+00 0.000000e+00
 0.000000e+00 5.964172e-01 4.035828e-01 0.000000e+00 0.000000e+00
 0.000000e+00 0.000000e+00 3.644983e-01 6.355017e-01 0.000000e+00
 0.000000e+00 0.000000e+00 0.000000e+00 3.233877e-01 6.766123e-01
 0.000000e+00 0.000000e+00 0.000000e+00 0.000000e+00 0.000000e+00
<EndHMM>
~h "e"
<BeginHMM>
<NumStates> 5
<State> 2
<Mean> 25
 3.172043e+00 -1.709344e+00 4.490777e+00 -1.287903e+00 -7.421487e+00 -5.160720e+00 -3.732644e+00 3.415735e+00 -1.431737e+00 -4.939642e-01 -7.281954e-01 5.089835e-01 2.334606e-01 -3.560926e-01 3.232611e-02 -2.732967e-01 -4.285214e-01 -2.486754e-01 5.495489e-02 6.936628e-01 -2.395745e-01 5.642131e-02 2.525166e-02 -1.042675e-02 4.013855e-01
<Variance> 25
 7.237849e+00 1.867800e+01 2.945593e+01 3.347861e+01 2.995042e+01 3.208625e+01 5.423477e+01 4.491712e+01 3.209672e+01 3.765708e+01 2.864950e+01 2.622294e+01 1.492786e+00 1.365696e+00 1.740035e+00 2.040108e+00 2.561505e+00 2.239400e+00 2.844395e+00 2.626456e+00 2.573510e+00 2.261292e+00 1.670906e+00 1.965944e+00 1.094835e+00
<GConst> 9.491071e+01
<State> 3
<Mean> 25
 3.248783e+00 -8.606489e-01 4.970772e+00 -1.901157e-01 -7.061206e+00 -6.412739e+00 -3.361917e+00 3.688241e+00 -1.405050e+00 1.646733e-02 -3.853221e-01 1.493469e+00 1.608485e-02 7.752095e-01 -1.232956e-01 5.184442e-01 4.858671e-01 2.470192e-02 5.878639e-02 -7.673085e-01 5.254158e-02 -5.820324e-02 -7.597602e-02 -4.121080e-02 -1.083278e+00
<Variance> 25
 6.294441e+00 1.720595e+01 2.758493e+01 3.422579e+01 3.240530e+01 3.694477e+01 5.659098e+01 4.258352e+01 3.542741e+01 3.545757e+01 2.502000e+01 3.407600e+01 7.197425e-01 1.500568e+00 1.553355e+00 2.054063e+00 2.329717e+00 2.328319e+00 3.208844e+00 2.365031e+00 2.245780e+00 2.179735e+00 1.872947e+00 1.850496e+00 1.327956e+00
<GConst> 9.431091e+01
<State> 4
<Mean> 25
 3.359974e+00 1.309281e+00 4.429652e+00 1.233570e+00 -4.760134e+00 -5.249483e+00 -3.606960e+00 5.804953e-01 -9.301097e-01 1.006268e-01 -1.296773e+00 2.944446e-01 -5.579219e-01 1.098966e+00 -2.511054e-01 2.262666e-01 1.178950e+00 6.488436e-01 6.351498e-01 -9.414597e-01 2.429276e-01 6.997879e-03 2.628943e-02 -1.430676e-01 -1.335144e+00
<Variance> 25
 1.119459e+01 2.315453e+01 3.414906e+01 3.509991e+01 4.105557e+01 3.472174e+01 4.576540e+01 4.026799e+01 3.925635e+01 3.540670e+01 3.153995e+01 2.617973e+01 2.040469e+00 2.482047e+00 1.871861e+00 2.225296e+00 2.736631e+00 2.838548e+00 4.271577e+00 3.391923e+00 3.111641e+00 3.212249e+00 2.618745e+00 2.174116e+00 1.575414e+00
<GConst> 9.959654e+01
<TransP> 5
 0.000000e+00 1.000000e+00 0.000000e+00 0.000000e+00 0.000000e+00
 0.000000e+00 3.557057e-01 6.442943e-01 0.000000e+00 0.000000e+00
 0.000000e+00 0.000000e+00 4.462481e-01 5.537519e-01 0.000000e+00
 0.000000e+00 0.000000e+00 0.000000e+00 2.706590e-01 7.293410e-01
 0.000000e+00 0.000000e+00 0.000000e+00 0.000000e+00 0.000000e+00
<EndHMM>
~h "f"
<BeginHMM>
<NumStates> 5
<State> 2
<Mean> 25
 -2.686537e+00 1.845286e+00 -5.323092e+00 -2.461514e-01 1.168148e+00 1.591974e+00 1.269035e+00 1.554897e+00 1.137236e+00 1.926574e+00 -1.546247e+00 -5.292711e-01 -2.492803e+00 7.253068e-01 -2.732240e-01 2.085797e-02 -6.137242e-01 -2.982022e-01 -3.479754e-01 3.714005e-01 -6.219929e-03 3.707558e-01 3.182352e-01 1.447559e-01 -7.786734e-01
<Variance> 25
 3.268517e+01 1.951998e+01 2.358469e+01 2.110641e+01 2.230759e+01 3.146589e+01 2.653305e+01 2.145118e+01 2.515221e+01 2.282926e+01 2.560483e+01 1.714970e+01 1.601697e+00 2.132288e+00 2.167705e+00 2.695590e+00 1.647239e+00 2.181794e+00 2.077303e+00 2.497704e+00 2.836428e+00 2.101879e+00 2.983132e+00 1.983205e+00 1.659630e+00
<GConst> 9.394010e+01
<State> 3
<Mean> 25
 -1.078680e+01 2.689286e+00 -2.080172e+00 1.820599e+00 5.575549e-01 -3.020793e-01 5.384136e-01 2.271762e+00 2.336837e+00 1.670584e+00 1.100929e+00 2.007586e+00 2.075519e-01 -3.883741e-01 2.890701e-01 2.508853e-01 1.872852e-01 3.171013e-01 2.924862e-01 8.286862e-02 2.751963e-02 -2.337907e-01 -6.278175e-02 -1.899875e-02 -3.441403e-01
<Variance> 25
 1.351076e+01 1.045581e+01 2.742376e+01 1.918976e+01 2.595792e+01 2.374034e+01 3.543838e+01 2.242275e+01 2.285837e+01 3.491291e+01 2.830882e+01 2.486233e+01 2.493663e+00 6.896755e-01 1.491740e+00 1.264257e+00 1.308143e+00 1.420084e+00 1.918496e+00 1.396895e+00 2.083680e+00 2.161680e+00 1.725917e+00 1.830026e+00 1.143523e+00
<GConst> 8.907457e+01
<State> 4
<Mean> 25
 -1.974637e+00 9.418830e-01 -1.550313e+00 2.973223e-01 2.122515e-02 1.486769e+00 -8.150557e-01 9.761546e-01 8.884711e-01 -7.017725e-02 7.726247e-01 4.261073e-01 3.963686e+00 -7.592438e-01 1.186077e-02 -9.286598e-01 -8.878342e-01 7.297922e-02 -9.380872e-01 -1.119275e+00 -8.756201e-01 -2.954893e-01 3.510169e-01 -6.735840e-01 1.331316e+00
<Variance> 25
 4.905394e+01 1.713530e+01 3.750275e+01 2.977175e+01 2.043590e+01 2.892502e+01 3.335847e+01 2.160575e+01 1.896998e+01 1.868621e+01 2.218116e+01 2.019566e+01 2.843783e+00 2.208131e+00 7.052131e+00 4.292695e+00 3.396701e+00 3.915595e+00 4.537827e+00 3.046405e+00 4.175595e+00 3.458127e+00 4.994694e+00 3.051080e+00 2.951702e+00
<GConst> 1.015745e+02
<TransP> 5
 0.000000e+00 1.000000e+00 0.000000e+00 0.000000e+00 0.000000e+00
 0.000000e+00 6.422672e-01 3.577328e-01 0.000000e+00 0.000000e+00
 0.000000e+00 0.000000e+00 7.619624e-01 2.380376e-01 0.000000e+00
 0.000000e+00 0.000000e+00 0.000000e+00 5.490600e-01 4.509400e-01
 0.000000e+00 0.000000e+00 0.000000e+00 0.000000e+00 0.000000e+00
<EndHMM>
~h "g"
<BeginHMM>
<NumStates> 5
<State> 2
<Mean> 25
 1.807825e+00 2.847322e+00 3.948678e+00 -1.003987e+00 -3.565063e+00 -4.349023e+00 -3.817956e-01 -5.102342e+00 7.673528e-01 -9.517946e-02 -1.714533e+00 1.149628e-01 -1.082228e-01 5.038120e-01 2.397456e-01 -2.672215e-02 -1.294775e-01 1.818014e-01 1.704102e-01 9.104507e-02 -9.175150e-02 -1.981398e-01 2.092773e-01 -7.771771e-03 -1.004241e+00
<Variance> 25
 1.765280e+01 2.083186e+01 2.213566e+01 2.295357e+01 2.558487e+01 3.165340e+01 3.427890e+01 7.941249e+01 3.569249e+01 3.573447e+01 2.109397e+01 1.285166e+01 2.948417e+00 2.316344e+00 3.926055e+00 4.331906e+00 3.827157e+00 3.518076e+00 4.124983e+00 6.936772e+00 3.676735e+00 2.793037e+00 3.648545e+00 3.133065e+00 4.391484e+00
<GConst> 1.023985e+02
<State> 3
<Mean> 25
 -1.334399e+00 1.738764e+00 -1.045774e+00 -1.861001e+00 4.806944e+00 1.181334e-01 -5.016980e+00 -1.077754e+00 1.346033e+00 5.106907e+00 -1.164864e+00 -3.485631e-01 5.179635e-01 -5.521613e-01 -2.296505e-01 -1.045088e+00 8.749222e-01 1.911232e-01 -7.129089e-01 -3.755643e-01 -1.137926e+00 3.041982e-01 3.514496e-01 6.649477e-01 2.329741e+00
<Variance> 25
 3.262119e+01 2.283224e+01 1.012137e+02 5.227823e+01 7.308406e+01 5.088423e+01 3.655409e+01 2.311654e+01 3.548093e+01 6.198817e+01 1.813113e+01 3.140278e+01 4.901666e+00 3.462360e+00 6.909802e+00 7.150506e+00 1.056580e+01 4.888389e+00 4.443647e+00 4.104814e+00 4.862616e+00 3.471315e+00 2.968166e+00 2.873806e+00 1.135372e+00
<GConst> 1.088113e+02
<State> 4
<Mean> 25
 6.112959e-01 1.108606e+00 5.081179e+00 -3.326200e+00 -2.684771e+00 -3.957183e+00 -5.090398e+00 -1.048366e+00 -4.822848e+00 1.077331e+00 2.703789e+00 1.933218e+00 1.371276e+00 -1.230705e+00 -7.501252e-01 -2.118072e-01 -5.999227e-01 -9.798337e-01 -5.945908e-01 4.379344e-01 -7.247130e-01 6.079451e-01 1.473187e+00 -2.038079e-01 1.821884e+00
<Variance> 25
 2.540572e+01 4.859056e+01 9.890798e+01 8.798631e+01 8.099143e+01 6.984748e+01 6.464959e+01 6.566141e+01 3.096797e+01 3.627332e+01 3.261447e+01 2.641055e+01 1.489422e+00 4.229783e+00 1.857474e+00 4.092355e+00 2.990839e+00 5.534639e+00 4.486532e+00 1.075272e+01 5.138756e+00 2.152240e+00 4.119363e+00 8.096243e-01 1.721877e+00
<GConst> 1.076164e+02
<TransP> 5
 0.000000e+00 1.000000e+00 0.000000e+00 0.000000e+00 0.000000e+00
 0.000000e+00 6.713598e-01 3.286402e-01 0.000000e+00 0.000000e+00
 0.000000e+00 0.000000e+00 5.617683e-01 4.382317e-01 0.000000e+00
 0.000000e+00 0.000000e+00 0.000000e+00 3.628935e-01 6.371066e-01
 0.000000e+00 0.000000e+00 0.000000e+00 0.000000e+00 0.000000e+00
<EndHMM>
~h "h"
<BeginHMM>
<NumStates> 5
<State> 2
<Mean> 25
 7.125866e-01 -2.864565e+00 -1.464826e-01 2.412991e+00 3.988164e+00 1.870309e+00 1.849672e+00 -1.667356e-01 -1.649426e+00 -3.359827e+00 -2.910511e+00 -1.553419e+00 -9.089465e-01 -2.128773e-01 4.399687e-01 5.401842e-01 7.790090e-01 3.413878e-01 3.428347e-02 3.541071e-01 3.229123e-01 -3.016062e-02 1.334689e-01 2.692309e-01 -3.826228e-01
<Variance> 25
 1.807758e+01 1.804582e+01 3.510912e+01 3.028335e+01 3.773626e+01 3.001786e+01 5.241749e+01 4.830473e+01 4.895113e+01 3.518451e+01 3.492210e+01 3.013650e+01 1.202366e+00 1.308424e+00 2.368169e+00 1.824648e+00 2.618865e+00 2.885060e+00 2.431156e+00 3.920168e+00 2.748468e+00 2.461929e+00 2.236774e+00 2.214500e+00 7.780005e-01
<GConst> 9.743748e+01
<State> 3
<Mean> 25
 -2.791644e+00 -5.308600e+00 -1.560826e+00 2.347374e+00 6.193022e+00 2.120309e+00 2.159801e+00 2.216016e+00 1.261384e+00 -2.662271e+00 -2.133837e+00 8.129166e-01 8.165979e-02 2.193950e-01 -7.772180e-02 -1.644026e-02 -7.661968e-03 2.146436e-01 -1.616984e-01 -1.256092e-01 7.565626e-02 1.229344e-01 2.906944e-01 8.735119e-02 -3.109840e-01
<Variance> 25
 3.366373e+01 2.480966e+01 3.218087e+01 3.131544e+01 3.637347e+01 4.606718e+01 3.384853e+01 4.569576e+01 3.991779e+01 3.621633e+01 2.946180e+01 2.575572e+01 4.758967e-01 9.839121e-01 9.179152e-01 1.292773e+00 1.489046e+00 1.864899e+00 2.142355e+00 2.169168e+00 1.792040e+00 1.915388e+00 1.859033e+00 1.465136e+00 6.913622e-01
<GConst> 9.210213e+01
<State> 4
<Mean> 25
 9.500119e-01 -2.200517e+00 -1.504628e+00 2.414766e+00 4.141314e+00 2.978313e+00 -1.184204e-01 -1.083543e+00 -1.556543e+00 -2.602109e+00 -2.711557e+00 -1.355336e+00 1.269231e+00 2.617731e-01 -6.429724e-01 -5.785843e-01 -1.059547e+00 -2.014020e-01 -5.675971e-01 -4.475067e-01 -3.956970e-01 -4.383207e-01 -1.702904e-01 -4.044216e-01 4.991835e-01
<Variance> 25
 2.024691e+01 2.441831e+01 4.245459e+01 3.294042e+01 4.679789e+01 3.374199e+01 6.209636e+01 4.523404e+01 3.963660e+01 5.312488e+01 3.579310e+01 2.784029e+01 1.285360e+00 1.842125e+00 1.967650e+00 1.663114e+00 2.634665e+00 1.909399e+00 2.684902e+00 2.004391e+00 2.724070e+00 2.424313e+00 2.441212e+00 2.381007e+00 1.925164e+00
<GConst> 9.890390e+01
<TransP> 5
 0.000000e+00 1.000000e+00 0.000000e+00 0.000000e+00 0.000000e+00
 0.000000e+00 4.958553e-01 5.041447e-01 0.000000e+00 0.000000e+00
 0.000000e+00 0.000000e+00 5.138406e-01 4.861594e-01 0.000000e+00
 0.000000e+00 0.000000e+00 0.000000e+00 4.498123e-01 5.501878e-01
 0.000000e+00 0.000000e+00 0.000000e+00 0.000000e+00 0.000000e+00
<EndHMM>
~h "i"
<BeginHMM>
<NumStates> 5
<State> 2
<Mean> 25
 1.688034e+00 4.363958e+00 1.111483e+01 -8.603981e-01 -8.675020e+00 -2.644893e+00 -2.132586e+00 -3.735212e+00 -5.927735e+00 -9.111775e-01 -5.810594e-01 1.558138e-01 9.206523e-02 4.083430e-01 1.924206e+00 -1.683333e+00 -1.723820e+00 6.606348e-01 -1.193076e+00 -5.923285e-01 -3.389605e-01 2.979628e-01 -2.436535e-01 1.514170e-01 8.269596e-01
<Variance> 25
 1.425492e+01 2.242284e+01 2.543322e+01 7.247415e+01 3.300368e+01 4.251262e+01 3.651451e+01 5.159454e+01 4.213901e+01 4.457413e+01 3.672173e+01 2.417749e+01 4.341238e+00 2.374784e+00 2.392656e+00 5.076149e+00 4.660036e+00 4.664697e+00 4.600989e+00 4.189969e+00 4.380356e+00 4.503424e+00 3.190474e+00 2.646894e+00 1.175814e+00
<GConst> 1.044934e+02
<State> 3
<Mean> 25
 9.682127e-01 6.322567e+00 1.291908e+01 -5.576040e+00 -9.401587e+00 1.907805e-02 -4.310920e+00 -6.248209e+00 -4.415888e+00 2.211687e+00 -1.924826e+00 6.444429e-01 3.940932e-02 3.024689e-01 7.422169e-02 1.619374e-01 -1.087264e-01 3.633781e-02 -1.594916e-01 -1.813507e-01 3.558009e-02 2.760745e-02 1.169687e-01 -2.986658e-02 -2.261492e-01
<Variance> 25
 5.580827e+00 2.232828e+01 2.005049e+01 6.655068e+01 2.218597e+01 4.831128e+01 3.676745e+01 4.440944e+01 4.467576e+01 4.133746e+01 3.444354e+01 2.947320e+01 8.760494e-01 1.337693e+00 1.032573e+00 2.190367e+00 2.213642e+00 2.126189e+00 2.401095e+00 2.151728e+00 2.102842e+00 1.860653e+00 2.181993e+00 1.924755e+00 6.974025e-01
<GConst> 9.339229e+01
<State> 4
<Mean> 25
 1.804409e+00 6.692750e+00 1.049141e+01 1.098590e+00 -7.678646e+00 -3.418951e+00 -1.987604e+00 -4.589023e+00 -4.667964e+00 -5.393035e-01 2.039644e-01 -2.718383e-01 -2.695353e-02 5.389173e-02 -1.351341e+00 1.006452e+00 1.349388e+00 -4.765154e-01 8.136930e-01 1.555285e-01 6.299548e-01 -8.604214e-02 -6.377114e-02 -2.627505e-01 -1.188393e+00
<Variance> 25
 1.271051e+01 2.562321e+01 2.852221e+01 4.913182e+01 3.342644e+01 3.689521e+01 3.768314e+01 6.008833e+01 5.197268e+01 4.397583e+01 3.017864e+01 2.574212e+01 2.230186e+00 2.166038e+00 1.525643e+00 3.708414e+00 2.689732e+00 3.401620e+00 3.315738e+00 4.010505e+00 3.554108e+00 2.853764e+00 2.462677e+00 1.885221e+00 1.909477e+00
<GConst> 1.008183e+02
<TransP> 5
 0.000000e+00 1.000000e+00 0.000000e+00 0.000000e+00 0.000000e+00
 0.000000e+00 3.974912e-01 6.025088e-01 0.000000e+00 0.000000e+00
 0.000000e+00 0.000000e+00 6.313820e-01 3.686180e-01 0.000000e+00
 0.000000e+00 0.000000e+00 0.000000e+00 6.136513e-01 3.863487e-01
 0.000000e+00 0.000000e+00 0.000000e+00 0.000000e+00 0.000000e+00
<EndHMM>
~h "j"
<BeginHMM>
<NumStates> 5
<State> 2
<Mean> 25
 2.058812e+00 -3.893040e-01 7.405527e+00 -4.823657e+00 -1.007732e+01 -2.528688e+00 -8.874884e-01 1.407598e+00 -1.893748e+00 2.412532e+00 -2.705767e+00 -2.699948e-01 -3.617006e-01 9.683750e-01 1.210242e+00 -6.705579e-01 -9.889261e-01 1.474293e-01 -1.939815e-01 -1.161114e+00 1.147771e-01 8.710544e-01 4.154656e-01 1.304465e-01 -2.212724e-01
<Variance> 25
 4.036292e+00 2.002773e+01 2.661317e+01 3.681257e+01 2.020859e+01 3.623582e+01 5.432893e+01 4.275312e+01 3.361892e+01 4.056525e+01 2.787046e+01 2.890324e+01 3.463967e-01 1.570419e+00 1.986354e+00 1.200971e+00 2.443955e+00 2.425808e+00 2.362197e+00 4.118431e+00 3.158580e+00 2.788119e+00 2.188699e+00 2.174603e+00 4.102570e-01
<GConst> 9.264291e+01
<State> 3
<Mean> 25
 4.984888e-01 3.543282e+00 1.188373e+01 -4.751124e+00 -1.098589e+01 -3.415899e+00 -3.202026e+00 -2.490778e+00 -1.411342e+00 1.979544e+00 -1.031604e+00 2.146492e+00 -4.931404e-02 -1.346770e-01 -5.741314e-02 7.266214e-02 -2.495378e-01 -2.402471e-01 1.827251e-01 -6.688394e-02 -2.389921e-02 1.395079e-01 2.218775e-01 7.541408e-03 4.050585e-02
<Variance> 25
 5.291895e+00 2.113572e+01 3.055646e+01 6.625632e+01 2.396616e+01 2.816463e+01 3.403074e+01 3.655029e+01 3.493508e+01 5.334508e+01 2.928889e+01 3.581822e+01 3.058038e-01 1.270002e+00 1.337431e+00 1.134545e+00 1.080770e+00 1.497472e+00 2.058318e+00 1.785281e+00 2.148905e+00 1.816964e+00 1.297235e+00 1.579387e+00 6.933284e-01
<GConst> 8.937103e+01
<State> 4
<Mean> 25
 1.996421e+00 -3.865098e-01 8.250463e+00 -3.936158e+00 -1.071161e+01 -3.550234e+00 -1.191140e+00 3.571817e-01 -1.052953e+00 3.220771e+00 -7.374880e-01 5.673729e-01 3.783179e-01 -7.937810e-01 -1.418876e+00 4.297594e-01 8.834035e-01 4.870363e-02 5.361725e-01 6.014265e-01 2.914681e-01 -5.868593e-01 7.763052e-02 -2.871896e-01 -2.779663e-02
<Variance> 25
 5.473429e+00 2.106800e+01 2.763288e+01 4.139109e+01 2.200754e+01 4.323883e+01 4.980091e+01 4.475401e+01 3.575266e+01 4.719728e+01 2.854032e+01 3.190221e+01 3.950975e-01 1.519789e+00 2.749919e+00 2.659238e+00 2.194647e+00 1.862713e+00 3.147618e+00 2.900354e+00 3.871012e+00 3.797540e+00 2.189802e+00 2.830853e+00 5.112100e-01
<GConst> 9.548934e+01
<TransP> 5
 0.000000e+00 1.000000e+00 0.000000e+00 0.000000e+00 0.000000e+00
 0.000000e+00 5.607141e-01 4.392859e-01 0.000000e+00 0.000000e+00
 0.000000e+00 0.000000e+00 6.108155e-01 3.891845e-01 0.000000e+00
 0.000000e+00 0.000000e+00 0.000000e+00 3.897744e-01 6.102257e-01
 0.000000e+00 0.000000e+00 0.000000e+00 0.000000e+00 0.000000e+00
<EndHMM>
~h "k"
<BeginHMM>
<NumStates> 5
<State> 2
<Mean> 25
 -3.142568e+00 3.929117e+00 3.630194e+00 3.191014e-01 -2.331284e+00 -3.526673e+00 1.257356e-01 -1.876526e+00 -1.540765e+00 4.465398e-01 5.078990e-01 2.751093e+00 -1.248446e+00 -5.985430e-01 -8.546234e-01 -5.847223e-01 7.757980e-01 7.046427e-01 9.218678e-02 7.998215e-02 4.993915e-01 5.740681e-01 2.181326e-01 4.472072e-01 -1.672779e-01
<Variance> 25
 2.720989e+01 1.765168e+01 5.513552e+01 3.402386e+01 3.761633e+01 4.102126e+01 5.365544e+01 3.048300e+01 3.570276e+01 2.528986e+01 2.777669e+01 3.419336e+01 3.470313e+00 2.301917e+00 3.555993e+00 3.000824e+00 2.934875e+00 4.456185e+00 3.809084e+00 3.717346e+00 4.232366e+00 2.548491e+00 3.663521e+00 2.991830e+00 3.546145e+00
<GConst> 1.037666e+02
<State> 3
<Mean> 25
 -4.900483e+00 -3.858439e-01 -4.762343e+00 -2.219681e+00 5.153198e+00 3.186642e+00 -2.300899e-01 -1.464481e+00 7.945701e-01 5.797164e+00 3.102883e+00 2.828430e+00 -3.188510e-01 -4.673528e-02 -2.711240e-01 -3.950005e-01 5.654397e-01 9.936916e-01 2.080283e-01 -4.668827e-01 -3.061996e-01 1.651551e-01 9.316564e-02 1.018056e-01 7.665707e-01
<Variance> 25
 3.320043e+01 1.817539e+01 8.429559e+01 2.874188e+01 6.904063e+01 4.683136e+01 3.509723e+01 2.014706e+01 4.395339e+01 4.492229e+01 2.531540e+01 2.478819e+01 4.936395e+00 2.204437e+00 6.193955e+00 2.931554e+00 5.765071e+00 3.511251e+00 4.041662e+00 2.270297e+00 3.618143e+00 4.710131e+00 3.560759e+00 3.622545e+00 2.234135e+00
<GConst> 1.055217e+02
<State> 4
<Mean> 25
 -3.181567e+00 1.787514e+00 2.356296e+00 -6.185434e-01 -1.093769e+00 1.170481e+00 6.499641e-01 -2.757176e+00 -1.069015e+00 1.031222e+00 9.398320e-01 2.112190e+00 2.760109e+00 -1.139779e-01 3.278665e-02 7.261991e-01 -1.485688e+00 -1.444307e+00 -3.542164e-01 5.814918e-01 -7.016338e-01 -1.014335e+00 3.012823e-01 -1.056595e+00 1.467839e+00
<Variance> 25
 5.708718e+01 1.288938e+01 6.845155e+01 2.529298e+01 7.134029e+01 5.195365e+01 2.399819e+01 3.638652e+01 2.588144e+01 3.481417e+01 3.578522e+01 2.857175e+01 4.729103e+00 2.669547e+00 3.222880e+00 3.859866e+00 4.110065e+00 4.881838e+00 5.090635e+00 5.735686e+00 3.749632e+00 3.910749e+00 3.782495e+00 3.195603e+00 1.819994e+00
<GConst> 1.059341e+02
<TransP> 5
 0.000000e+00 1.000000e+00 0.000000e+00 0.000000e+00 0.000000e+00
 0.000000e+00 6.614459e-01 3.385541e-01 0.000000e+00 0.000000e+00
 0.000000e+00 0.000000e+00 6.036903e-01 3.963097e-01 0.000000e+00
 0.000000e+00 0.000000e+00 0.000000e+00 5.368737e-01 4.631263e-01
 0.000000e+00 0.000000e+00 0.000000e+00 0.000000e+00 0.000000e+00
<EndHMM>
~h "l"
<BeginHMM>
<NumStates> 5
<State> 2
<Mean> 25
 3.976353e+00 3.505603e-01 3.052175e+00 9.352408e-01 -1.538925e+00 -4.879678e+00 -4.940513e+00 -8.110645e-01 4.725205e-01 -2.419682e-01 1.464352e-01 6.458227e-02 7.248727e-01 1.203576e+00 1.519309e+00 9.159146e-02 -1.565209e-01 -7.795311e-01 -1.942309e+00 -1.606082e+00 -5.359976e-01 5.679843e-01 9.615389e-01 2.290126e-01 -9.525926e-01
<Variance> 25
 2.096446e+01 2.287452e+01 3.851942e+01 3.406236e+01 2.643316e+01 4.427770e+01 5.528345e+01 6.462652e+01 4.954468e+01 3.517183e+01 3.635046e+01 4.315876e+01 1.214012e+00 1.237756e+00 1.569643e+00 1.963715e+00 3.243855e+00 4.515993e+00 3.681298e+00 3.931868e+00 3.403371e+00 4.072828e+00 3.322211e+00 1.717053e+00 1.658944e+00
<GConst> 1.011328e+02
<State> 3
<Mean> 25
 6.215801e+00 6.992868e-01 5.280543e+00 2.494784e+00 7.609930e-01 -3.226144e+00 -9.217697e+00 -5.213714e+00 -3.103742e+00 2.131281e+00 1.889252e+00 -2.996078e+00 1.185856e-01 -1.547577e-01 -1.645524e-01 -3.059919e-01 -6.369203e-02 3.456239e-02 -4.726301e-01 5.118997e-01 5.158722e-01 -5.277389e-01 -2.383431e-01 4.233748e-02 2.246824e-01
<Variance> 25
 1.188736e+01 3.056658e+01 2.418265e+01 3.584803e+01 5.896663e+01 3.868443e+01 3.568634e+01 6.853426e+01 4.638388e+01 5.231353e+01 3.516004e+01 4.676141e+01 1.321418e+00 8.918735e-01 1.477891e+00 3.427609e+00 3.090758e+00 2.151120e+00 3.005305e+00 5.662287e+00 3.471140e+00 3.216873e+00 2.233418e+00 3.418011e+00 1.921954e+00
<GConst> 1.009551e+02
<State> 4
<Mean> 25
 5.004844e+00 8.511376e-01 2.795056e+00 -8.512839e-01 -2.023733e+00 -3.991838e+00 -7.154024e+00 4.719751e-01 3.064616e+00 -6.616781e-01 3.734122e-01 -2.593222e-01 -3.369337e-01 -8.305849e-01 -1.575127e+00 -9.356062e-01 -3.095816e-01 9.785081e-01 1.856987e+00 1.533702e+00 7.478761e-01 1.843933e-01 -7.841691e-02 -5.587235e-02 8.169795e-01
<Variance> 25
 1.027340e+01 2.034638e+01 3.232053e+01 3.756569e+01 2.988690e+01 4.144952e+01 4.848204e+01 3.880958e+01 4.465162e+01 3.872390e+01 3.045267e+01 3.583730e+01 9.284066e-01 1.503623e+00 1.969299e+00 2.176102e+00 3.335021e+00 4.784346e+00 4.061031e+00 4.097666e+00 4.646156e+00 3.407582e+00 2.418997e+00 2.303577e+00 1.430515e+00
<GConst> 9.971183e+01
<TransP> 5
 0.000000e+00 1.000000e+00 0.000000e+00 0.000000e+00 0.000000e+00
 0.000000e+00 4.118727e-01 5.881273e-01 0.000000e+00 0.000000e+00
 0.000000e+00 0.000000e+00 5.196019e-01 4.803981e-01 0.000000e+00
 0.000000e+00 0.000000e+00 0.000000e+00 4.686274e-01 5.313727e-01
 0.000000e+00 0.000000e+00 0.000000e+00 0.000000e+00 0.000000e+00
<EndHMM>
~h "m"
<BeginHMM>
<NumStates> 5
<State> 2
<Mean> 25
 8.051961e+00 -1.133728e+00 2.588893e-01 1.895772e+00 4.112240e-01 1.655322e-02 -1.877048e+00 -4.437894e+00 -4.959980e+00 1.612812e-01 -1.618681e-01 -3.817322e+00 8.562328e-01 9.687741e-01 1.152265e+00 9.963690e-01 -1.520182e-02 -4.687484e-01 -2.465886e-01 -1.954996e+00 -1.856061e+00 5.655360e-01 4.662165e-01 -3.613693e-01 -8.024703e-01
<Variance> 25
 9.511382e+00 2.559696e+01 2.985965e+01 3.303897e+01 2.563026e+01 4.154667e+01 4.832838e+01 4.189772e+01 3.850441e+01 3.232734e+01 4.032768e+01 2.404261e+01 1.447304e+00 1.904847e+00 2.116851e+00 2.991694e+00 2.631077e+00 3.155106e+00 4.320820e+00 3.505449e+00 4.788915e+00 4.122965e+00 3.203961e+00 3.431159e+00 3.054087e+00
<GConst> 1.011142e+02
<State> 3
<Mean> 25
 8.208786e+00 1.193366e+00 3.011839e+00 3.651741e+00 3.765189e-01 9.552686e-02 -8.741944e-01 -7.754950e+00 -8.978956e+00 6.509601e-01 -9.963845e-01 -4.090373e+00 1.232455e-02 1.828528e-01 1.137537e-01 1.358836e-01 -4.317801e-02 8.922022e-02 6.130587e-02 1.500001e-02 -1.999983e-01 -2.144707e-01 -1.247500e-01 6.591603e-02 -1.611312e-01
<Variance> 25
 6.788842e+00 1.772885e+01 2.204753e+01 3.086276e+01 3.056067e+01 5.160219e+01 5.901341e+01 3.547100e+01 4.729351e+01 4.510034e+01 3.980431e+01 3.313254e+01 3.587385e-01 1.078118e+00 1.094863e+00 1.394318e+00 1.674227e+00 1.457893e+00 1.631618e+00 2.169358e+00 2.222878e+00 1.791168e+00 1.902005e+00 1.752168e+00 9.916642e-01
<GConst> 9.132617e+01
<State> 4
<Mean> 25
 8.084185e+00 8.269316e-02 1.497020e+00 2.161504e+00 -2.586952e-01 2.093627e-02 -1.871323e+00 -5.646430e+00 -6.465477e+00 -3.268744e-01 -6.370704e-01 -3.111928e+00 -3.860302e-01 -7.089458e-01 -1.102123e+00 -1.573806e+00 -6.908355e-01 4.928117e-01 1.767362e-01 2.075919e+00 1.416614e+00 -4.183964e-01 -2.539637e-02 4.585975e-01 8.114614e-01
<Variance> 25
 7.373747e+00 2.197206e+01 2.405997e+01 3.816980e+01 3.281792e+01 4.057931e+01 4.708255e+01 4.431976e+01 4.921394e+01 3.906166e+01 4.331928e+01 4.292223e+01 7.997555e-01 2.082610e+00 3.239425e+00 2.491177e+00 3.655918e+00 3.386569e+00 2.810567e+00 4.242863e+00 4.970690e+00 4.038253e+00 3.239383e+00 3.472560e+00 1.468107e+00
<GConst> 1.011808e+02
<TransP> 5
 0.000000e+00 1.000000e+00 0.000000e+00 0.000000e+00 0.000000e+00
 0.000000e+00 4.687149e-01 5.312850e-01 0.000000e+00 0.000000e+00
 0.000000e+00 0.000000e+00 5.836727e-01 4.163273e-01 0.000000e+00
 0.000000e+00 0.000000e+00 0.000000e+00 4.412274e-01 5.587726e-01
 0.000000e+00 0.000000e+00 0.000000e+00 0.000000e+00 0.000000e+00
<EndHMM>
~h "n"
<BeginHMM>
<NumStates> 5
<State> 2
<Mean> 25
 7.249459e+00 -1.515323e+00 7.917396e-01 1.854397e+00 -1.251558e+00 -1.589592e+00 -1.568413e+00 -1.482479e+00 -4.472810e+00 1.669355e-01 -2.747305e+00 -3.505433e+00 6.847594e-01 1.324046e+00 1.497908e+00 8.362805e-01 -6.228966e-01 -8.272253e-01 7.429029e-01 -2.180449e+00 -1.049182e+00 6.351881e-01 -3.443634e-01 2.693179e-01 -1.434532e+00
<Variance> 25
 7.702168e+00 2.534717e+01 2.813344e+01 2.526202e+01 2.794003e+01 3.503254e+01 3.946741e+01 4.533482e+01 4.505050e+01 4.065200e+01 3.404512e+01 3.351799e+01 5.570613e-01 9.923219e-01 2.634848e+00 1.725795e+00 2.168764e+00 2.663913e+00 2.558364e+00 2.920651e+00 4.229942e+00 2.983950e+00 2.685645e+00 1.841434e+00 6.008055e-01
<GConst> 9.502711e+01
<State> 3
<Mean> 25
 8.297645e+00 1.734498e+00 3.235211e+00 3.595224e+00 -2.334323e+00 -1.935318e+00 1.344714e+00 -6.554688e+00 -7.913794e+00 2.388729e+00 -2.375969e+00 -3.264786e+00 -4.165565e-02 6.582488e-01 2.573737e-01 2.581095e-01 -1.123609e-03 -5.536967e-02 2.430097e-01 1.476959e-02 -5.998468e-02 -1.990421e-01 -8.491460e-02 3.632399e-02 -6.142334e-01
<Variance> 25
 6.947746e+00 2.492033e+01 1.830698e+01 2.465802e+01 3.213192e+01 3.266763e+01 4.981450e+01 3.195082e+01 5.023277e+01 3.294188e+01 4.010127e+01 3.020240e+01 3.953374e-01 9.170738e-01 1.372620e+00 1.397569e+00 1.665693e+00 1.570047e+00 1.693796e+00 1.972089e+00 2.437682e+00 2.072990e+00 1.647781e+00 1.526770e+00 6.151865e-01
<GConst> 8.991393e+01
<State> 4
<Mean> 25
 6.947548e+00 1.513333e+00 2.534436e+00 2.535756e+00 -1.642935e+00 -2.043333e+00 -3.897655e-01 -3.259567e+00 -5.388687e+00 1.513093e-01 -2.592252e+00 -3.273905e+00 -1.219691e+00 -4.264565e-01 -4.019277e-01 -8.770022e-01 5.144762e-01 4.894048e-01 -4.826474e-01 1.754212e+00 9.224828e-01 -8.058265e-01 3.948908e-01 1.710197e-01 5.705509e-01
<Variance> 25
 9.520102e+00 2.551736e+01 2.256318e+01 2.666130e+01 2.687838e+01 3.281514e+01 4.543872e+01 4.168463e+01 4.192976e+01 3.770848e+01 2.982742e+01 2.585641e+01 1.309454e+00 2.071900e+00 2.414066e+00 2.545498e+00 2.954797e+00 3.120333e+00 3.271829e+00 3.337975e+00 5.223746e+00 3.379815e+00 2.804537e+00 2.904321e+00 1.247699e+00
<GConst> 9.879736e+01
<TransP> 5
 0.000000e+00 1.000000e+00 0.000000e+00 0.000000e+00 0.000000e+00
 0.000000e+00 5.374692e-01 4.625308e-01 0.000000e+00 0.000000e+00
 0.000000e+00 0.000000e+00 4.039419e-01 5.960581e-01 0.000000e+00
 0.000000e+00 0.000000e+00 0.000000e+00 4.068733e-01 5.931267e-01
 0.000000e+00 0.000000e+00 0.000000e+00 0.000000e+00 0.000000e+00
<EndHMM>
~h "o"
<BeginHMM>
<NumStates> 5
<State> 2
<Mean> 25
 7.529010e+00 2.320332e+00 -4.392042e+00 -6.518404e+00 -2.120027e+00 3.113730e+00 -3.247560e+00 -4.888324e+00 -2.664479e+00 9.154785e-01 2.606846e+00 -1.881705e+00 1.355873e+00 -2.813208e-01 -6.369946e-01 -1.760370e+00 -4.338487e-01 5.593172e-01 -5.193249e-01 9.890122e-02 -4.417889e-01 1.684216e-01 2.364150e-01 -4.724088e-01 1.030352e+00
<Variance> 25
 9.027674e+00 1.730865e+01 3.007658e+01 3.264072e+01 3.768509e+01 3.134647e+01 6.077735e+01 3.278076e+01 7.115732e+01 2.575269e+01 5.434473e+01 3.382619e+01 2.141221e+00 1.441610e+00 1.694061e+00 2.920275e+00 3.304097e+00 3.827687e+00 3.554945e+00 2.551629e+00 4.558372e+00 2.799352e+00 3.642135e+00 2.722726e+00 1.152179e+00
<GConst> 1.000398e+02
<State> 3
<Mean> 25
 8.433233e+00 1.790304e+00 -4.510274e+00 -8.268269e+00 -2.036505e+00 5.653020e+00 -2.114908e+00 -3.395076e+00 -4.653019e+00 2.050558e+00 3.418907e+00 -9.217213e-01 -1.296081e-01 -3.639896e-01 4.585765e-02 7.962437e-01 5.605905e-01 -3.874269e-01 -5.112205e-01 -1.378802e-02 5.711188e-01 4.269192e-01 -3.027769e-01 -5.324028e-01 7.041576e-02
<Variance> 25
 5.696166e+00 1.766478e+01 2.671167e+01 3.086771e+01 3.824028e+01 2.953726e+01 5.684094e+01 2.661412e+01 5.004436e+01 2.448640e+01 4.711354e+01 4.701860e+01 3.610412e-01 1.206926e+00 8.967720e-01 2.018430e+00 2.424187e+00 1.697664e+00 3.090164e+00 2.368641e+00 3.668500e+00 2.300537e+00 2.430699e+00 2.068580e+00 7.464356e-01
<GConst> 9.306198e+01
<State> 4
<Mean> 25
 6.376048e+00 1.024927e+00 -4.587035e+00 -3.092102e+00 1.781954e+00 9.259855e-01 -6.259190e+00 -2.489221e+00 1.555712e+00 2.165808e+00 -1.272115e+00 -4.081213e+00 -4.626371e-01 1.711937e-01 1.122277e+00 1.377604e+00 -1.107918e-01 -1.094395e+00 1.636925e-01 7.146504e-01 2.263187e-01 -5.787172e-01 -4.073281e-01 5.214123e-01 -7.135540e-01
<Variance> 25
 4.474223e+00 2.135124e+01 2.409862e+01 2.294272e+01 2.406361e+01 3.263017e+01 5.267444e+01 4.303093e+01 4.688400e+01 2.978380e+01 4.042128e+01 3.247728e+01 8.336107e-01 1.470678e+00 1.420108e+00 2.227364e+00 2.889908e+00 2.701878e+00 3.464391e+00 4.622246e+00 4.870836e+00 4.668891e+00 3.635079e+00 2.626530e+00 1.217407e+00
<GConst> 9.739615e+01
<TransP> 5
 0.000000e+00 1.000000e+00 0.000000e+00 0.000000e+00 0.000000e+00
 0.000000e+00 4.578067e-01 5.421934e-01 0.000000e+00 0.000000e+00
 0.000000e+00 0.000000e+00 6.340497e-01 3.659503e-01 0.000000e+00
 0.000000e+00 0.000000e+00 0.000000e+00 5.169545e-01 4.830455e-01
 0.000000e+00 0.000000e+00 0.000000e+00 0.000000e+00 0.000000e+00
<EndHMM>
~h "p"
<BeginHMM>
<NumStates> 5
<State> 2
<Mean> 25
 1.896548e+00 4.625648e+00 -4.928587e-01 3.931352e-01 -1.019373e+00 -6.503633e-01 -1.445750e-01 -4.175681e+00 9.125880e-01 1.515875e+00 -1.052916e-02 -4.651559e-01 -7.827963e-01 -9.690839e-02 4.762772e-03 4.090754e-01 2.982964e-01 2.488514e-01 1.078023e+00 7.074284e-01 3.519142e-01 2.368305e-01 5.101686e-01 2.741330e-01 -4.602751e-01
<Variance> 25
 9.024599e+00 1.199870e+01 1.988020e+01 2.559214e+01 2.566979e+01 1.575543e+01 2.484263e+01 5.791200e+01 4.601857e+01 2.314163e+01 2.882679e+01 2.008411e+01 8.055283e-01 1.834601e+00 1.545562e+00 1.151526e+00 1.730366e+00 1.876946e+00 2.152320e+00 4.029437e+00 3.924451e+00 2.629698e+00 2.648677e+00 1.923129e+00 2.411267e+00
<GConst> 9.261704e+01
<State> 3
<Mean> 25
 -2.530969e+00 -1.789457e+00 4.854323e-01 2.844390e+00 2.631279e+00 5.086906e-01 5.400441e+00 1.231426e+00 4.041055e+00 3.169559e+00 2.775515e+00 3.305120e+00 -6.668755e-01 -2.746336e+00 4.235485e-02 6.815738e-01 1.236819e+00 8.206977e-01 5.673738e-01 -2.232579e-01 -6.012177e-02 -1.407697e-02 1.997793e-01 9.041875e-01 2.286713e+00
<Variance> 25
 9.782863e+00 3.846275e+01 2.956107e+01 1.722183e+01 4.798528e+01 3.148777e+01 2.483221e+01 2.100524e+01 2.926979e+01 3.606640e+01 2.537256e+01 2.438905e+01 1.714260e+00 2.181897e+00 6.666749e+00 3.198753e+00 4.401299e+00 3.301809e+00 2.966325e+00 4.512174e+00 3.517661e+00 6.797377e+00 4.165667e+00 2.846382e+00 1.380010e+00
<GConst> 1.006959e+02
<State> 4
<Mean> 25
 -6.817902e-01 -4.391786e+00 -1.665912e+00 1.775669e+00 3.214408e+00 3.931622e+00 1.880049e+00 -4.334529e+00 1.375600e+00 1.480971e-03 9.502859e-02 1.409351e+00 1.797308e+00 1.375925e-01 -1.982076e-01 -1.193983e+00 -9.596978e-01 3.929436e-01 -2.196211e+00 -1.336548e+00 -1.521754e+00 -7.664548e-01 -1.142552e+00 -1.173563e+00 1.367923e+00
<Variance> 25
 3.073549e+01 2.606061e+01 6.259158e+01 3.238130e+01 4.246064e+01 4.016264e+01 3.127585e+01 3.092912e+01 3.638232e+01 6.654858e+01 2.340090e+01 2.209946e+01 1.588217e+00 2.058791e+00 2.269785e+00 1.674691e+00 3.533986e+00 5.772882e+00 3.516617e+00 4.217988e+00 4.756474e+00 2.988447e+00 4.338532e+00 2.442341e+00 1.917333e+00
<GConst> 1.025016e+02
<TransP> 5
 0.000000e+00 1.000000e+00 0.000000e+00 0.000000e+00 0.000000e+00
 0.000000e+00 7.718702e-01 2.281298e-01 0.000000e+00 0.000000e+00
 0.000000e+00 0.000000e+00 6.266178e-01 3.733822e-01 0.000000e+00
 0.000000e+00 0.000000e+00 0.000000e+00 6.494251e-01 3.505749e-01
 0.000000e+00 0.000000e+00 0.000000e+00 0.000000e+00 0.000000e+00
<EndHMM>
~h "q"
<BeginHMM>
<NumStates> 5
<State> 2
<Mean> 25
 6.414207e-01 3.606113e+00 2.096482e+00 3.112906e+00 -2.828260e-01 -1.918493e+00 3.864735e-01 -1.280202e+00 -1.916599e+00 2.840056e-01 -4.281521e-01 1.713291e-03 -1.349038e+00 -6.359958e-01 -9.341102e-01 1.085934e-01 1.168660e+00 8.399447e-01 4.526803e-01 6.655384e-01 8.127558e-01 4.419906e-01 4.186097e-01 5.170308e-01 -8.095284e-01
<Variance> 25
 3.181268e+01 2.556839e+01 3.854477e+01 3.664791e+01 5.202934e+01 4.717268e+01 4.681983e+01 4.448830e+01 3.891902e+01 3.500669e+01 3.374310e+01 2.589298e+01 3.133100e+00 4.272558e+00 4.297252e+00 3.873301e+00 5.171283e+00 4.451270e+00 4.360696e+00 4.615236e+00 4.568900e+00 3.771161e+00 3.675182e+00 2.717971e+00 7.223803e+00
<GConst> 1.080084e+02
<State> 3
<Mean> 25
 -5.602696e+00 -2.789506e+00 -2.709043e+00 7.387177e-01 3.521237e+00 1.455479e+00 2.755274e+00 2.429845e+00 2.046448e+00 3.274626e+00 1.262340e+00 1.838074e+00 -7.108673e-01 -1.035427e+00 -5.850645e-01 -8.766190e-01 4.024366e-02 -1.125244e-02 -7.834007e-02 1.572741e-01 3.067992e-01 5.316973e-01 9.096926e-02 9.058380e-02 1.894703e+00
<Variance> 25
 3.481444e+01 3.682164e+01 5.336341e+01 4.843006e+01 4.419252e+01 3.919809e+01 4.698907e+01 3.693016e+01 3.958994e+01 3.161557e+01 2.842571e+01 2.278797e+01 3.310491e+00 3.893493e+00 4.846271e+00 4.803731e+00 4.776417e+00 3.879735e+00 4.041259e+00 3.912298e+00 3.756909e+00 3.539590e+00 2.962780e+00 2.252573e+00 6.312511e+00
<GConst> 1.071947e+02
<State> 4
<Mean> 25
 -2.720826e+00 -1.837156e+00 -4.734949e-01 -1.158740e+00 -5.387082e-01 -2.543600e+00 -9.912695e-01 -4.136433e-01 -5.389795e-01 2.038364e+00 -1.023952e-03 3.815157e-01 1.749544e+00 8.038247e-01 1.135988e+00 -2.388121e-01 -1.726751e+00 -1.111366e+00 -9.245293e-01 -9.990028e-01 -9.291908e-01 -9.287218e-01 -3.535058e-01 -6.329109e-01 1.239019e+00
<Variance> 25
 4.949104e+01 3.645871e+01 7.954183e+01 5.317286e+01 7.418204e+01 6.330111e+01 6.084586e+01 4.971760e+01 5.121190e+01 4.756705e+01 3.749571e+01 3.115386e+01 4.544471e+00 3.642207e+00 4.467071e+00 5.123509e+00 5.640667e+00 5.122326e+00 4.797469e+00 5.231440e+00 5.258057e+00 4.005433e+00 4.306275e+00 3.372402e+00 3.408211e+00
<GConst> 1.125979e+02
<TransP> 5
 0.000000e+00 1.000000e+00 0.000000e+00 0.000000e+00 0.000000e+00
 0.000000e+00 6.498032e-01 3.501968e-01 0.000000e+00 0.000000e+00
 0.000000e+00 0.000000e+00 6.600694e-01 3.399306e-01 0.000000e+00
 0.000000e+00 0.000000e+00 0.000000e+00 5.751792e-01 4.248208e-01
 0.000000e+00 0.000000e+00 0.000000e+00 0.000000e+00 0.000000e+00
<EndHMM>
~h "r"
<BeginHMM>
<NumStates> 5
<State> 2
<Mean> 25
 5.227585e+00 -4.713841e+00 -5.223609e-01 1.405079e+00 -4.190023e+00 -1.678041e+00 -2.260592e+00 1.373780e+00 2.772949e+00 -4.929171e-01 -9.974324e-01 -1.437130e+00 6.779093e-01 -1.118700e-01 3.389381e-01 9.288959e-01 -1.084776e+00 -1.712552e-01 -7.966896e-01 -1.372214e-01 5.782990e-01 -1.850460e-02 -1.265258e-01 5.577106e-01 -6.635239e-01
<Variance> 25
 1.963111e+01 3.124265e+01 3.254847e+01 2.793491e+01 3.168364e+01 4.675642e+01 4.046543e+01 6.678255e+01 4.672248e+01 5.275669e+01 2.821106e+01 2.813062e+01 1.140669e+00 2.011282e+00 3.315260e+00 2.170225e+00 2.392209e+00 2.843091e+00 3.064302e+00 5.277195e+00 4.305681e+00 3.134628e+00 2.149842e+00 2.692469e+00 1.357020e+00
<GConst> 1.010352e+02
<State> 3
<Mean> 25
 6.726761e+00 -4.477534e+00 -4.573421e-01 2.694599e+00 -5.513395e+00 -2.122059e+00 -2.992546e+00 1.602298e+00 2.446908e+00 -9.776813e-01 -9.945064e-01 -3.605991e-01 4.070475e-01 2.097292e-01 1.122970e-01 4.037108e-01 -3.852125e-01 -1.985881e-02 -3.837209e-01 -3.151653e-01 -2.467149e-01 1.282244e-01 -9.421491e-02 3.375445e-01 -6.801537e-01
<Variance> 25
 1.259342e+01 2.471965e+01 3.806194e+01 2.580576e+01 3.414439e+01 3.901384e+01 4.621642e+01 5.590367e+01 4.840535e+01 3.996981e+01 2.683868e+01 2.355163e+01 1.323170e+00 2.314764e+00 3.436186e+00 2.159177e+00 1.949716e+00 3.227200e+00 2.697905e+00 4.816514e+00 3.465612e+00 3.162172e+00 2.155354e+00 2.155188e+00 1.714016e+00
<GConst> 9.964184e+01
<State> 4
<Mean> 25
 6.821769e+00 -4.346502e+00 -9.782886e-01 2.735498e+00 -4.974789e+00 -1.764947e+00 -2.990073e+00 8.229412e-01 2.161454e+00 -4.605031e-01 -1.143284e+00 -2.401152e-01 -3.499967e-01 5.491334e-01 -2.514089e-02 -4.021331e-01 5.056284e-01 3.746960e-01 1.116525e-01 -9.825296e-02 -7.141976e-01 2.880718e-01 7.880276e-02 -1.201798e-01 -5.524483e-01
<Variance> 25
 1.157258e+01 2.254641e+01 3.385232e+01 2.690931e+01 3.428493e+01 4.531730e+01 5.610833e+01 6.191333e+01 4.628977e+01 4.781312e+01 3.207863e+01 2.265858e+01 1.280122e+00 1.867814e+00 2.408093e+00 1.950822e+00 2.575134e+00 2.821272e+00 2.371315e+00 3.970343e+00 2.632122e+00 2.760857e+00 2.705391e+00 1.905985e+00 1.691111e+00
<GConst> 9.891113e+01
<TransP> 5
 0.000000e+00 1.000000e+00 0.000000e+00 0.000000e+00 0.000000e+00
 0.000000e+00 2.496186e-01 7.503814e-01 0.000000e+00 0.000000e+00
 0.000000e+00 0.000000e+00 8.767726e-03 9.912322e-01 0.000000e+00
 0.000000e+00 0.000000e+00 0.000000e+00 3.457646e-01 6.542354e-01
 0.000000e+00 0.000000e+00 0.000000e+00 0.000000e+00 0.000000e+00
<EndHMM>
~h "s"
<BeginHMM>
<NumStates> 5
<State> 2
<Mean> 25
 -7.505290e+00 8.553452e+00 -2.936522e+00 2.759905e+00 2.655051e+00 -3.479400e+00 2.237540e+00 1.604109e+00 1.815571e+00 6.696712e-01 -5.982783e-01 3.597108e-01 -4.263572e+00 2.290610e+00 -9.010186e-01 3.120238e-01 4.555797e-01 7.248580e-01 1.253657e+00 1.835977e-01 9.658792e-01 8.868487e-01 7.854548e-01 1.001227e+00 2.489374e-01
<Variance> 25
 5.551002e+01 3.510972e+01 2.481605e+01 2.907932e+01 2.740665e+01 3.574139e+01 4.178216e+01 2.914561e+01 3.996891e+01 3.902672e+01 2.869421e+01 3.213773e+01 1.614371e+00 3.269394e+00 1.729657e+00 2.790289e+00 3.624701e+00 3.291025e+00 3.327441e+00 2.882644e+00 3.322094e+00 4.523934e+00 3.100627e+00 2.731645e+00 9.859617e-01
<GConst> 1.010843e+02
<State> 3
<Mean> 25
 -1.768122e+01 1.117598e+01 -4.172880e+00 3.543198e+00 2.561177e+00 3.767675e-01 5.024967e+00 1.586128e+00 3.561461e+00 3.150177e+00 2.338886e+00 3.348262e+00 -2.920072e-01 -3.133515e-01 2.198382e-01 8.134101e-02 1.518254e-01 2.554862e-01 2.611607e-01 3.684666e-02 2.556762e-02 -1.201995e-01 8.517379e-02 1.339776e-01 -3.109362e-01
<Variance> 25
 6.384651e+00 1.194243e+01 1.847757e+01 2.808706e+01 2.171387e+01 3.682778e+01 2.954462e+01 2.772733e+01 2.689958e+01 3.040790e+01 2.831828e+01 2.151789e+01 9.951013e-01 1.038024e+00 1.032607e+00 1.178690e+00 1.994485e+00 2.359659e+00 2.108291e+00 2.367828e+00 2.145584e+00 2.345058e+00 2.310094e+00 1.578395e+00 5.580197e-01
<GConst> 8.875623e+01
<State> 4
<Mean> 25
 -1.138074e+01 7.292838e+00 -2.158076e+00 2.863381e+00 2.844523e+00 -1.813093e+00 3.923836e+00 2.135708e+00 1.674961e+00 7.240121e-01 5.707916e-01 2.293728e+00 3.527108e+00 -1.392857e+00 4.959582e-01 -4.706845e-01 -5.858900e-01 -8.931344e-01 -1.583597e+00 -2.089478e-01 -8.983727e-01 -7.068045e-01 -5.456527e-01 -9.189811e-01 -2.811722e-01
<Variance> 25
 5.794959e+01 2.119485e+01 3.889506e+01 3.109197e+01 2.979573e+01 4.347876e+01 3.963056e+01 3.472608e+01 3.768829e+01 3.102211e+01 2.998924e+01 2.428490e+01 3.949239e+00 2.175514e+00 4.661327e+00 4.313160e+00 4.112164e+00 3.825699e+00 4.158524e+00 3.619156e+00 2.767815e+00 3.919335e+00 3.155816e+00 2.606330e+00 2.790151e+00
<GConst> 1.043427e+02
<TransP> 5
 0.000000e+00 1.000000e+00 0.000000e+00 0.000000e+00 0.000000e+00
 0.000000e+00 7.179601e-01 2.820399e-01 0.000000e+00 0.000000e+00
 0.000000e+00 0.000000e+00 8.290980e-01 1.709020e-01 0.000000e+00
 0.000000e+00 0.000000e+00 0.000000e+00 6.766138e-01 3.233861e-01
 0.000000e+00 0.000000e+00 0.000000e+00 0.000000e+00 0.000000e+00
<EndHMM>
~h "t"
<BeginHMM>
<NumStates> 5
<State> 2
<Mean> 25
 -2.960347e+00 4.153075e+00 -3.029493e+00 1.488782e-01 1.244994e-01 -1.803885e+00 2.115810e+00 6.979136e-01 1.917667e+00 9.697958e-01 3.930796e-01 9.347209e-01 -1.785572e+00 3.169396e-02 -4.261477e-01 -7.117937e-02 4.154082e-01 3.341035e-01 5.400813e-01 5.582217e-02 4.781306e-01 4.061944e-01 5.492613e-01 6.122884e-01 2.141554e-01
<Variance> 25
 5.259883e+01 2.013679e+01 2.918055e+01 2.442187e+01 2.609107e+01 3.393279e+01 3.381397e+01 3.012401e+01 3.724518e+01 3.398183e+01 2.960889e+01 2.564963e+01 5.328048e+00 2.177696e+00 1.856987e+00 2.193541e+00 2.367067e+00 2.659240e+00 2.630679e+00 3.634798e+00 2.822745e+00 3.177521e+00 3.166385e+00 2.338141e+00 6.125172e+00
<GConst> 1.009306e+02
<State> 3
<Mean> 25
 -1.066707e+01 3.209945e+00 -2.645530e+00 1.410729e-01 1.471947e+00 -9.390154e-01 4.151141e+00 1.682823e+00 2.472290e+00 1.074965e+00 2.632963e+00 4.210459e+00 1.236735e+00 -8.621570e-01 8.343348e-01 1.774090e-01 -1.218528e-01 -5.434647e-01 -4.828048e-01 -1.140345e-01 -7.337565e-01 -8.334445e-01 -9.677266e-01 -8.667521e-02 6.217292e-01
<Variance> 25
 2.532853e+01 2.486130e+01 2.753023e+01 2.305561e+01 2.086732e+01 3.480974e+01 4.063312e+01 3.228133e+01 3.402842e+01 2.496294e+01 3.032032e+01 2.212265e+01 6.183364e+00 2.864968e+00 2.822231e+00 2.814924e+00 3.181246e+00 3.780900e+00 3.572401e+00 3.537330e+00 3.836055e+00 3.005465e+00 2.922426e+00 3.190494e+00 2.736192e+00
<GConst> 1.015203e+02
<State> 4
<Mean> 25
 -2.602020e+00 1.907853e+00 -1.183915e-01 1.182769e+00 5.957903e-01 -2.577555e+00 -1.244811e-01 -3.724943e-01 -5.182239e-01 -1.458038e+00 -2.079479e+00 1.268424e+00 3.327882e+00 -9.330958e-01 4.538807e-02 -3.419116e-01 -1.074446e+00 -5.748591e-01 -1.802517e+00 -8.487006e-01 -8.157706e-01 -3.939066e-01 -1.087010e+00 -1.170354e+00 1.302860e+00
<Variance> 25
 2.801862e+01 2.136377e+01 2.957686e+01 2.252457e+01 3.529357e+01 3.434486e+01 4.381623e+01 2.996601e+01 3.561805e+01 2.856316e+01 2.345403e+01 2.225766e+01 3.488978e+00 2.063537e+00 4.733800e+00 3.417415e+00 3.522876e+00 5.299497e+00 4.727471e+00 4.419371e+00 4.363529e+00 3.628914e+00 4.113101e+00 3.629011e+00 1.686745e+00
<GConst> 1.030181e+02
<TransP> 5
 0.000000e+00 1.000000e+00 0.000000e+00 0.000000e+00 0.000000e+00
 0.000000e+00 6.914068e-01 3.085932e-01 0.000000e+00 0.000000e+00
 0.000000e+00 0.000000e+00 4.847086e-01 5.152914e-01 0.000000e+00
 0.000000e+00 0.000000e+00 0.000000e+00 3.890810e-01 6.109190e-01
 0.000000e+00 0.000000e+00 0.000000e+00 0.000000e+00 0.000000e+00
<EndHMM>
~h "u"
<BeginHMM>
<NumStates> 5
<State> 2
<Mean> 25
 5.737330e+00 6.301548e+00 -6.243917e-01 -2.272383e+00 -2.285103e+00 -2.846639e-01 -6.823145e+00 -5.186573e+00 -2.429760e+00 2.671368e+00 3.122056e+00 -5.679821e-01 2.078317e+00 9.908222e-01 1.149621e-01 -1.794557e+00 -1.200100e+00 3.804450e-01 -1.760718e+00 -1.587478e+00 -1.576347e+00 -5.945925e-02 5.843894e-01 -2.514680e-01 1.038908e+00
<Variance> 25
 2.318723e+01 3.571320e+01 2.724953e+01 7.788354e+01 3.352971e+01 4.135698e+01 8.329788e+01 4.668341e+01 5.368744e+01 4.248864e+01 2.968186e+01 2.585196e+01 2.879643e+00 2.849513e+00 4.308445e+00 3.680405e+00 4.438201e+00 5.260011e+00 3.868093e+00 3.322250e+00 4.519098e+00 5.004267e+00 4.513830e+00 2.831077e+00 2.025058e+00
<GConst> 1.071463e+02
<State> 3
<Mean> 25
 8.166286e+00 7.935087e+00 -1.720639e+00 -6.710517e+00 -4.078563e+00 3.481409e+00 -7.481305e+00 -6.537521e+00 -5.389766e+00 4.404809e-01 3.441532e+00 1.599908e+00 -9.395143e-02 -1.339568e-01 5.251685e-02 3.216690e-01 -2.350814e-01 3.367061e-01 9.946296e-02 -4.562029e-01 3.350087e-01 1.478868e-01 1.709283e-01 -8.932006e-02 1.082978e-01
<Variance> 25
 4.319000e+00 2.938385e+01 2.715299e+01 5.366198e+01 4.070053e+01 6.583578e+01 4.009954e+01 4.156207e+01 3.730403e+01 7.739888e+01 2.817186e+01 2.697964e+01 3.270303e-01 1.312266e+00 9.330755e-01 1.795564e+00 1.804784e+00 2.258128e+00 3.467090e+00 1.912395e+00 3.095516e+00 3.049069e+00 1.960276e+00 2.810837e+00 4.889958e-01
<GConst> 9.419073e+01
<State> 4
<Mean> 25
 5.915763e+00 5.491700e+00 4.214926e-01 1.883828e-01 -1.152003e+00 -1.315203e+00 -1.293288e+01 -7.713822e+00 5.575278e-01 4.302380e+00 2.721570e+00 -1.973956e+00 -1.426534e+00 -5.352807e-02 8.234913e-01 9.144526e-01 8.524822e-01 -1.416564e+00 8.615720e-01 9.601496e-01 6.375031e-01 -2.201768e-01 -5.956545e-01 -1.412655e-01 -1.206420e-01
<Variance> 25
 8.569931e+00 2.305837e+01 2.681326e+01 2.403106e+01 2.581236e+01 5.475278e+01 7.703745e+01 4.522130e+01 4.303815e+01 3.520542e+01 2.186419e+01 1.959303e+01 1.777194e+00 2.588598e+00 2.430714e+00 3.614396e+00 2.518485e+00 2.883549e+00 5.830457e+00 3.934326e+00 2.260860e+00 3.795305e+00 2.844555e+00 1.557402e+00 8.541541e-01
<GConst> 9.878938e+01
<TransP> 5
 0.000000e+00 1.000000e+00 0.000000e+00 0.000000e+00 0.000000e+00
 0.000000e+00 4.812568e-01 5.187433e-01 0.000000e+00 0.000000e+00
 0.000000e+00 0.000000e+00 6.985316e-01 3.014685e-01 0.000000e+00
 0.000000e+00 0.000000e+00 0.000000e+00 5.934098e-01 4.065903e-01
 0.000000e+00 0.000000e+00 0.000000e+00 0.000000e+00 0.000000e+00
<EndHMM>
~h "v"
<BeginHMM>
<NumStates> 5
<State> 2
<Mean> 25
 3.349730e+00 6.564381e-01 -9.603746e-01 1.064539e+00 9.176999e-01 3.611406e-01 -1.634910e+00 -2.019916e+00 -1.510656e+00 2.861568e-01 3.213459e-02 -1.263506e+00 3.298948e-01 9.687055e-01 3.068632e-02 -3.297718e-01 2.066678e-01 4.500783e-01 -5.984362e-02 -7.584918e-01 -4.959584e-01 2.846286e-01 5.222812e-01 4.555738e-01 -8.891453e-01
<Variance> 25
 3.599831e+01 2.849422e+01 3.606436e+01 2.680235e+01 2.918604e+01 2.329487e+01 3.567193e+01 4.901793e+01 4.390831e+01 2.282589e+01 3.089579e+01 2.821421e+01 2.179603e+00 1.001147e+00 1.357328e+00 1.762345e+00 1.314005e+00 1.277542e+00 8.745235e-01 2.898638e+00 2.492416e+00 1.377149e+00 1.586940e+00 2.410192e+00 1.440907e+00
<GConst> 9.346351e+01
<State> 3
<Mean> 25
 2.359338e+00 1.711065e+00 -5.121010e-01 -9.239285e-02 1.317336e+00 7.895628e-01 -1.504087e+00 -2.205217e+00 -1.605102e+00 3.291884e-01 6.185134e-01 -1.977577e-01 1.174582e+00 1.169849e-01 -4.316318e-01 -9.817426e-01 -4.969663e-01 1.748240e-01 -4.867331e-01 -5.926367e-03 7.848008e-02 -5.682983e-02 5.212839e-01 -1.132689e-01 3.964823e-01
<Variance> 25
 4.087865e+01 2.867490e+01 3.191625e+01 3.261664e+01 3.567941e+01 3.455600e+01 3.882160e+01 4.103448e+01 2.969530e+01 1.851871e+01 3.146918e+01 3.897062e+01 4.486408e+00 1.668519e+00 2.119242e+00 1.855131e+00 1.824291e+00 1.993971e+00 2.715403e+00 2.996142e+00 4.533030e+00 1.523624e+00 1.909204e+00 2.964671e+00 1.819502e+00
<GConst> 9.890773e+01
<State> 4
<Mean> 25
 5.644648e+00 9.912060e-01 -2.290267e+00 -2.840665e+00 -4.851252e-01 9.701762e-01 -3.269692e+00 -1.947092e+00 -1.045808e-01 3.005751e-02 1.464887e+00 -5.122603e-01 1.512468e+00 -1.478626e+00 -9.166204e-01 -1.873120e+00 -7.950338e-01 5.106777e-01 -4.401228e-01 1.237036e+00 8.304870e-01 -2.344079e-01 2.374421e-01 -9.827926e-01 1.862974e+00
<Variance> 25
 2.154470e+01 2.241676e+01 2.744950e+01 4.737177e+01 2.300520e+01 3.685386e+01 3.412928e+01 2.947305e+01 3.852998e+01 2.556250e+01 3.179958e+01 3.704891e+01 3.599009e+00 3.570304e+00 4.263037e+00 3.118744e+00 2.901442e+00 2.796748e+00 4.212571e+00 4.015443e+00 5.653505e+00 2.637288e+00 3.380814e+00 3.963667e+00 2.936346e+00
<GConst> 1.033549e+02
<TransP> 5
 0.000000e+00 1.000000e+00 0.000000e+00 0.000000e+00 0.000000e+00
 0.000000e+00 3.466383e-01 6.533616e-01 0.000000e+00 0.000000e+00
 0.000000e+00 0.000000e+00 6.868292e-02 9.313170e-01 0.000000e+00
 0.000000e+00 0.000000e+00 0.000000e+00 3.829449e-01 6.170551e-01
 0.000000e+00 0.000000e+00 0.000000e+00 0.000000e+00 0.000000e+00
<EndHMM>
~h "x"
<BeginHMM>
<NumStates> 5
<State> 2
<Mean> 25
 -4.771082e+00 -2.772493e+00 -2.031496e+00 1.700760e+00 6.749369e+00 2.548644e+00 -9.423349e-01 1.601781e+00 2.944454e+00 -3.480609e-01 -6.811514e-01 3.316713e-01 -2.433337e+00 1.728982e-01 -6.659582e-01 -3.790546e-01 1.615215e+00 -3.320649e-02 -5.935456e-01 9.868707e-01 8.718030e-01 1.240200e+00 6.755541e-01 8.008353e-01 -2.776638e-01
<Variance> 25
 3.316287e+01 2.430273e+01 3.810572e+01 3.416907e+01 4.836232e+01 5.577151e+01 5.572273e+01 5.217729e+01 3.932901e+01 3.721484e+01 2.965431e+01 2.471057e+01 1.443366e+00 1.558307e+00 3.373265e+00 3.273070e+00 3.118273e+00 2.845715e+00 4.535419e+00 3.999191e+00 2.845804e+00 2.528926e+00 4.018361e+00 2.548222e+00 7.052760e-01
<GConst> 1.018152e+02
<State> 3
<Mean> 25
 -7.713316e+00 1.857925e+00 -7.218024e+00 -1.240611e+00 9.431450e+00 5.461575e+00 1.733804e+00 2.139087e+00 4.020774e+00 1.639944e+00 3.124779e+00 1.750799e+00 2.677114e-01 4.014136e-01 -1.012758e-01 -1.599759e-01 -1.089408e-01 3.179289e-01 3.053046e-01 -1.715399e-01 -3.758773e-02 -4.230647e-01 6.644965e-03 -2.702317e-01 -5.886309e-01
<Variance> 25
 1.023984e+01 2.865151e+01 2.544283e+01 3.782388e+01 9.277148e+01 3.747685e+01 4.062666e+01 3.292063e+01 3.167707e+01 3.809228e+01 2.914088e+01 2.194827e+01 1.171781e+00 9.717781e-01 1.075397e+00 1.043958e+00 1.909958e+00 1.922957e+00 2.116983e+00 2.742503e+00 2.275445e+00 2.560537e+00 2.045095e+00 1.731179e+00 5.070455e-01
<GConst> 9.305952e+01
<State> 4
<Mean> 25
 -1.275196e+00 1.032031e+00 -5.606423e+00 -3.533869e+00 5.528102e+00 5.371669e+00 2.161793e-01 -1.205288e+00 1.245259e+00 -3.364854e-01 2.146011e+00 -6.768290e-01 3.398406e+00 5.121864e-03 -4.975208e-02 -1.459252e+00 -2.536868e+00 -4.817488e-01 -1.694293e-01 -1.172956e+00 -5.010615e-01 -3.323396e-01 5.678684e-04 -8.753051e-01 1.116542e+00
<Variance> 25
 5.710780e+01 3.876691e+01 4.740508e+01 3.758703e+01 6.951306e+01 3.093486e+01 5.970501e+01 4.448020e+01 4.379245e+01 2.414027e+01 4.697411e+01 2.293601e+01 3.243573e+00 2.653853e+00 2.571701e+00 3.576244e+00 3.739517e+00 3.673454e+00 7.652997e+00 3.849189e+00 2.681118e+00 2.547253e+00 4.951821e+00 2.416510e+00 2.303086e+00
<GConst> 1.062505e+02
<TransP> 5
 0.000000e+00 1.000000e+00 0.000000e+00 0.000000e+00 0.000000e+00
 0.000000e+00 7.111018e-01 2.888983e-01 0.000000e+00 0.000000e+00
 0.000000e+00 0.000000e+00 7.853271e-01 2.146729e-01 0.000000e+00
 0.000000e+00 0.000000e+00 0.000000e+00 6.169816e-01 3.830184e-01
 0.000000e+00 0.000000e+00 0.000000e+00 0.000000e+00 0.000000e+00
<EndHMM>
~h "z"
<BeginHMM>
<NumStates> 5
<State> 2
<Mean> 25
 1.380877e+00 6.808314e+00 -1.712568e+00 2.516211e+00 3.246042e-01 -7.572076e+00 -4.578554e+00 -2.602865e+00 -6.033645e-01 2.043612e+00 -1.144115e+00 -1.679168e+00 -2.768101e+00 3.518671e+00 -7.150247e-01 1.201949e+00 1.064901e+00 -2.849018e-02 1.414755e+00 -1.548331e+00 1.382275e-01 -1.719222e-01 4.593596e-02 2.496283e-02 -6.588801e-01
<Variance> 25
 1.965815e+01 3.837255e+01 2.475278e+01 2.668791e+01 3.399407e+01 3.748314e+01 5.418985e+01 3.916742e+01 3.888870e+01 5.223467e+01 3.987906e+01 3.372439e+01 2.043808e+00 1.821091e+00 1.587501e+00 2.600340e+00 2.345751e+00 4.330939e+00 4.937292e+00 3.632190e+00 3.060410e+00 2.750001e+00 3.649769e+00 3.595981e+00 6.375935e-01
<GConst> 1.008885e+02
<State> 3
<Mean> 25
 -1.035398e+01 1.437551e+01 -3.404762e+00 4.113592e+00 2.372233e+00 -2.192149e+00 1.290189e+00 -1.035923e+00 1.025092e+00 1.404722e+00 -1.199103e+00 -1.728509e-01 -1.843080e+00 3.621707e-01 6.962673e-02 6.312522e-02 5.897543e-01 9.633113e-01 9.431568e-01 6.288301e-01 4.740793e-01 4.067145e-01 5.285096e-01 4.568576e-01 -4.430846e-02
<Variance> 25
 2.873561e+01 1.553354e+01 1.960657e+01 2.208019e+01 3.330068e+01 2.659440e+01 4.603341e+01 4.853145e+01 3.117717e+01 3.668266e+01 2.292422e+01 1.781505e+01 3.742534e+00 2.205407e+00 1.336868e+00 1.762287e+00 2.447325e+00 3.296041e+00 2.690956e+00 2.867603e+00 2.338236e+00 3.357110e+00 2.982096e+00 1.946449e+00 6.190385e-01
<GConst> 9.610892e+01
<State> 4
<Mean> 25
 -6.271384e+00 9.359934e+00 -1.564229e+00 2.897970e+00 2.200175e+00 -4.066160e+00 -1.065851e+00 -1.851990e+00 1.211319e+00 2.725089e+00 1.176624e+00 2.510709e-01 2.329944e+00 -2.047943e+00 6.667067e-01 -9.441742e-01 -1.126002e+00 -5.189862e-01 -1.123433e+00 9.602448e-02 -3.157785e-01 -5.518850e-02 3.093238e-02 -2.359784e-01 2.062874e-01
<Variance> 25
 5.782273e+01 2.768591e+01 3.076645e+01 3.701221e+01 4.155625e+01 4.173679e+01 6.102608e+01 6.900694e+01 3.480497e+01 3.555185e+01 2.466817e+01 3.052251e+01 4.911823e+00 2.262826e+00 3.549292e+00 3.182607e+00 3.697969e+00 4.978062e+00 4.660331e+00 5.191901e+00 3.612706e+00 3.587301e+00 3.220455e+00 2.739248e+00 1.882899e+00
<GConst> 1.062152e+02
<TransP> 5
 0.000000e+00 1.000000e+00 0.000000e+00 0.000000e+00 0.000000e+00
 0.000000e+00 6.008934e-01 3.991067e-01 0.000000e+00 0.000000e+00
 0.000000e+00 0.000000e+00 6.813775e-01 3.186224e-01 0.000000e+00
 0.000000e+00 0.000000e+00 0.000000e+00 6.802197e-01 3.197803e-01
 0.000000e+00 0.000000e+00 0.000000e+00 0.000000e+00 0.000000e+00
<EndHMM>
~h "aa"
<BeginHMM>
<NumStates> 5
<State> 2
<Mean> 25
 4.503093e+00 -6.042315e+00 -4.302184e+00 -1.029185e+00 -3.048380e-01 -9.168156e-01 -4.301864e-01 3.268368e+00 9.787759e-01 -1.547531e+00 -2.149039e+00 -2.756722e+00 4.956199e-01 -1.634940e+00 -1.111094e+00 -2.627676e-01 5.524645e-01 8.085988e-01 5.989785e-01 9.143686e-01 3.267596e-02 -5.353069e-01 -6.056675e-01 -4.885962e-01 1.230474e+00
<Variance> 25
 7.397971e+00 2.006932e+01 1.844136e+01 2.203926e+01 2.682762e+01 3.488856e+01 3.908325e+01 3.346245e+01 4.543665e+01 3.681787e+01 2.771939e+01 3.955336e+01 2.106866e+00 1.956500e+00 1.854336e+00 2.176555e+00 2.493592e+00 2.521921e+00 3.210039e+00 3.318402e+00 3.497285e+00 2.716622e+00 2.638655e+00 3.946754e+00 1.211030e+00
<GConst> 9.719669e+01
<State> 3
<Mean> 25
 4.406576e+00 -8.081447e+00 -5.313674e+00 4.078239e-03 2.229861e+00 1.555807e+00 3.998493e-01 3.614399e+00 7.703271e-01 -2.231354e+00 -2.347235e+00 -3.437660e+00 -2.699440e-02 -2.894600e-01 -1.412892e-01 2.043589e-01 4.319601e-01 2.434996e-01 1.754878e-01 6.154524e-04 -1.308550e-01 -7.401160e-02 -2.123871e-02 -5.161253e-02 1.195295e-01
<Variance> 25
 4.930723e+00 1.614636e+01 1.427900e+01 2.758099e+01 2.256334e+01 2.476601e+01 3.770652e+01 2.558199e+01 4.144046e+01 3.115329e+01 2.341621e+01 5.301225e+01 2.880806e-01 5.847932e-01 8.316371e-01 1.184690e+00 1.371502e+00 1.373974e+00 1.629813e+00 1.772661e+00 1.375671e+00 1.579391e+00 1.482030e+00 1.412738e+00 2.525792e-01
<GConst> 8.382222e+01
<State> 4
<Mean> 25
 4.609747e+00 -7.516934e+00 -4.669308e+00 7.249689e-01 1.212214e+00 9.375174e-01 1.229486e+00 3.037411e+00 -1.139613e+00 -2.978132e+00 -2.311052e+00 -1.418948e+00 1.827758e-01 9.980137e-01 4.144845e-01 1.049411e-01 -5.603438e-01 -5.091388e-01 -7.075456e-02 -1.539747e-01 -8.252546e-02 2.220479e-01 9.363501e-02 -1.915125e-02 -8.119307e-01
<Variance> 25
 6.569586e+00 1.952773e+01 1.608848e+01 2.336686e+01 2.387420e+01 2.794215e+01 3.941433e+01 2.757490e+01 4.676646e+01 3.032355e+01 2.411525e+01 4.268920e+01 4.409368e-01 1.167905e+00 9.378350e-01 1.461444e+00 1.701234e+00 1.732324e+00 2.165159e+00 2.275700e+00 1.830688e+00 1.852519e+00 1.767578e+00 1.814512e+00 5.003900e-01
<GConst> 8.843999e+01
<TransP> 5
 0.000000e+00 1.000000e+00 0.000000e+00 0.000000e+00 0.000000e+00
 0.000000e+00 3.856217e-01 6.143783e-01 0.000000e+00 0.000000e+00
 0.000000e+00 0.000000e+00 6.377087e-01 3.622913e-01 0.000000e+00
 0.000000e+00 0.000000e+00 0.000000e+00 6.563858e-01 3.436142e-01
 0.000000e+00 0.000000e+00 0.000000e+00 0.000000e+00 0.000000e+00
<EndHMM>
~h "fp"
<BeginHMM>
<NumStates> 5
<State> 2
<Mean> 25
 2.014632e+00 1.686758e-01 6.039886e-01 7.125280e-02 -1.158741e+00 -1.193475e+00 -1.492636e+00 -8.214715e-01 -2.190340e-01 -4.272121e-01 -8.444656e-01 -6.699558e-01 4.416015e-01 -1.475344e-01 -7.105006e-02 -1.950034e-01 -4.390935e-01 -3.623782e-01 -4.107942e-01 -9.742941e-02 2.754736e-02 -3.613891e-03 -7.755977e-02 -1.491172e-01 5.889232e-01
<Variance> 25
 6.518018e+01 3.792132e+01 5.209536e+01 4.809023e+01 6.695500e+01 6.424174e+01 5.687975e+01 5.352419e+01 4.935077e+01 4.490833e+01 3.996758e+01 3.192356e+01 4.888400e+00 3.360146e+00 3.618808e+00 4.128982e+00 5.679925e+00 5.207452e+00 5.088162e+00 4.697560e+00 4.352901e+00 3.980795e+00 3.577148e+00 2.963875e+00 5.417130e+00
<GConst> 1.117955e+02
<State> 3
<Mean> 25
 6.557330e+00 1.182180e-01 -3.371554e-01 -2.525568e-01 -3.411509e+00 -4.649679e+00 -4.707253e+00 -1.542433e+00 1.230218e+00 1.916353e+00 -1.042179e+00 -2.127379e+00 -2.904975e-02 6.771078e-02 5.150791e-02 9.018709e-02 8.153528e-02 3.070807e-02 3.913540e-02 -1.616171e-02 -1.454110e-02 1.061567e-03 3.098890e-03 1.812145e-02 -1.267348e-01
<Variance> 25
 2.887151e+01 2.333994e+01 2.737744e+01 3.065633e+01 3.740855e+01 4.265599e+01 3.837379e+01 4.299361e+01 3.890215e+01 4.743904e+01 4.682701e+01 3.223419e+01 2.170938e-01 4.472776e-01 6.128089e-01 7.299815e-01 9.471713e-01 1.024541e+00 1.035772e+00 1.118166e+00 1.128389e+00 1.113460e+00 1.002937e+00 9.336738e-01 2.482928e-01
<GConst> 8.456578e+01
<State> 4
<Mean> 25
 1.374343e+00 2.443682e+00 2.608691e+00 3.354708e+00 9.629043e-01 -8.301824e-01 -5.202267e-01 -5.690677e-01 -6.269166e-01 -5.522243e-01 -6.944156e-01 -2.935344e-01 -8.433855e-01 8.965545e-02 5.959327e-02 3.392264e-01 8.774818e-01 7.838821e-01 7.542446e-01 3.823327e-01 1.787221e-01 1.023869e-01 1.951051e-01 2.467258e-01 -7.038577e-01
<Variance> 25
 4.921783e+01 2.816996e+01 3.839229e+01 3.713937e+01 5.692111e+01 5.214936e+01 4.878375e+01 4.599157e+01 4.234048e+01 4.262397e+01 3.672819e+01 3.106607e+01 2.313430e+00 2.065770e+00 2.099323e+00 2.415754e+00 3.678925e+00 3.505062e+00 3.331384e+00 3.196590e+00 3.166795e+00 3.088818e+00 2.762041e+00 2.280123e+00 2.246099e+00
<GConst> 1.037335e+02
<TransP> 5
 0.000000e+00 1.000000e+00 0.000000e+00 0.000000e+00 0.000000e+00
 0.000000e+00 7.617964e-01 2.382036e-01 0.000000e+00 0.000000e+00
 0.000000e+00 0.000000e+00 9.208273e-01 7.917276e-02 0.000000e+00
 0.000000e+00 0.000000e+00 0.000000e+00 6.873757e-01 3.126243e-01
 0.000000e+00 0.000000e+00 0.000000e+00 0.000000e+00 0.000000e+00
<EndHMM>
~h "gg"
<BeginHMM>
<NumStates> 5
<State> 2
<Mean> 25
 3.555435e+00 -1.692898e+00 -2.086830e+00 -9.495358e-01 -1.942694e-01 1.116348e+00 1.055767e+00 2.107683e+00 1.291719e+00 -2.164001e+00 -3.854841e-01 -1.143469e+00 -8.635014e-01 1.004294e+00 -5.434917e-01 5.323422e-01 5.925884e-01 -6.363662e-01 1.185929e-01 1.189288e-01 5.420632e-01 4.757609e-01 2.695565e-01 6.801653e-01 -1.636333e+00
<Variance> 25
 1.079592e+01 3.735086e+01 4.214722e+01 3.421156e+01 4.860329e+01 2.934207e+01 4.413039e+01 3.257779e+01 3.865376e+01 3.203405e+01 2.775845e+01 2.781658e+01 1.161541e+00 2.580333e+00 1.293525e+00 2.771085e+00 1.976241e+00 1.942500e+00 3.369488e+00 2.908914e+00 2.160359e+00 2.604708e+00 2.246629e+00 2.463434e+00 2.356608e+00
<GConst> 9.782208e+01
<State> 3
<Mean> 25
 -4.840949e-01 4.343911e-01 -1.532243e+00 -9.294852e-01 3.061070e-01 -1.478275e+00 1.193529e+00 3.140600e+00 1.214907e+00 -2.326337e-01 1.142047e+00 1.066013e-01 -7.267946e-01 2.149222e-03 1.065399e-01 -3.838085e-02 8.614478e-01 -7.139311e-01 -5.389276e-01 2.583220e-01 2.383177e-01 -4.022345e-01 6.981799e-02 -4.330418e-02 3.785218e-01
<Variance> 25
 2.037722e+01 2.486401e+01 3.586779e+01 3.885673e+01 6.908006e+01 4.808548e+01 2.561909e+01 4.170015e+01 2.554272e+01 3.837650e+01 2.932863e+01 2.446744e+01 2.497512e+00 3.629625e+00 2.160097e+00 2.978267e+00 3.594472e+00 1.831498e+00 2.849211e+00 2.564655e+00 3.517712e+00 3.371158e+00 1.536538e+00 1.905761e+00 2.828655e+00
<GConst> 1.004869e+02
<State> 4
<Mean> 25
 3.809085e-01 -1.753932e+00 -2.189257e+00 -5.494324e-01 3.860865e+00 -1.856050e+00 -3.197958e+00 2.460548e+00 2.484096e+00 -1.847321e+00 8.597094e-01 3.477432e-01 8.610430e-01 -1.974535e+00 1.147951e-01 -4.363997e-01 3.495432e-01 1.785700e-01 -1.950054e-01 -3.010343e-01 -1.585440e-01 -3.480636e-01 -4.541187e-01 -3.280862e-01 2.737791e+00
<Variance> 25
 2.680713e+01 3.497813e+01 2.881580e+01 6.242356e+01 5.800064e+01 3.584291e+01 2.662299e+01 3.235218e+01 3.628382e+01 2.443212e+01 3.311514e+01 2.704853e+01 3.626470e+00 4.564551e+00 4.277617e+00 6.103693e+00 7.488970e+00 4.557703e+00 5.630630e+00 4.121867e+00 4.552095e+00 3.228534e+00 3.613840e+00 4.295402e+00 3.829254e+00
<GConst> 1.077844e+02
<TransP> 5
 0.000000e+00 1.000000e+00 0.000000e+00 0.000000e+00 0.000000e+00
 0.000000e+00 5.455549e-01 4.544451e-01 0.000000e+00 0.000000e+00
 0.000000e+00 0.000000e+00 4.330479e-01 5.669522e-01 0.000000e+00
 0.000000e+00 0.000000e+00 0.000000e+00 4.890911e-01 5.109089e-01
 0.000000e+00 0.000000e+00 0.000000e+00 0.000000e+00 0.000000e+00
<EndHMM>
~h "sp"
<BeginHMM>
<NumStates> 3
<State> 2
~s "silst"
<TransP> 3
 0.000000e+00 1.000000e+00 0.000000e+00
 0.000000e+00 9.000000e-01 9.999999e-02
 0.000000e+00 0.000000e+00 0.000000e+00
<EndHMM>
~h "ss"
<BeginHMM>
<NumStates> 5
<State> 2
<Mean> 25
 -9.923794e+00 4.548758e+00 8.099494e+00 -1.332813e+00 -1.432612e+00 4.224991e-01 -6.466289e-01 8.074475e-02 4.797527e+00 -2.867915e+00 6.457148e-01 1.037928e+00 -4.755929e+00 1.276683e+00 1.111431e+00 -5.915035e-01 8.281507e-01 1.509462e+00 9.247131e-01 3.857798e-02 1.841653e+00 -1.293137e-01 9.782340e-01 3.948058e-01 8.493690e-01
<Variance> 25
 6.572753e+01 3.275397e+01 4.133503e+01 2.792620e+01 4.749044e+01 4.097140e+01 4.164196e+01 4.529531e+01 4.952010e+01 2.759671e+01 3.865422e+01 2.371201e+01 1.829750e+00 3.026207e+00 3.206240e+00 2.320619e+00 4.138401e+00 3.029741e+00 3.181710e+00 3.334490e+00 3.750246e+00 4.030540e+00 4.401450e+00 2.111945e+00 1.043016e+00
<GConst> 1.034255e+02
<State> 3
<Mean> 25
 -2.137783e+01 6.674947e+00 9.477863e+00 -1.774904e+00 -1.526664e-01 4.319711e+00 2.389634e+00 -2.108018e-01 8.706375e+00 -1.190726e+00 4.014701e+00 2.391509e+00 -3.805743e-01 -3.727027e-01 -1.281227e-01 3.808603e-01 4.896018e-02 -3.968168e-02 3.605091e-01 1.534133e-01 2.410240e-01 6.076983e-03 2.515374e-01 1.491801e-01 -3.087044e-01
<Variance> 25
 9.168361e+00 3.847811e+01 2.065610e+01 2.620544e+01 4.054403e+01 3.431530e+01 4.023655e+01 4.224726e+01 4.182789e+01 3.774866e+01 3.525418e+01 2.021733e+01 1.763846e+00 1.661354e+00 1.151524e+00 1.297885e+00 1.786104e+00 1.895989e+00 1.745383e+00 2.023391e+00 2.144053e+00 2.149522e+00 1.766391e+00 1.604608e+00 6.038513e-01
<GConst> 9.274049e+01
<State> 4
<Mean> 25
 -1.157402e+01 1.833383e+00 6.596524e+00 2.654881e-02 -8.117336e-01 1.758658e-01 9.279011e-01 -7.151269e-01 5.930565e+00 -3.574998e+00 1.055655e+00 1.843949e+00 4.220977e+00 -9.764920e-01 -1.435447e+00 -1.995581e-01 -3.454643e-01 -1.098758e+00 -1.090260e+00 -4.408543e-01 -1.502294e+00 -4.529843e-01 -1.174101e+00 -5.242105e-01 -4.222326e-01
<Variance> 25
 6.571803e+01 2.426144e+01 2.331242e+01 3.086961e+01 2.617449e+01 3.915700e+01 4.957837e+01 4.197933e+01 5.010606e+01 3.109904e+01 3.298645e+01 2.373236e+01 4.410480e+00 2.481494e+00 2.829742e+00 2.414974e+00 2.472697e+00 3.361964e+00 3.975371e+00 3.546712e+00 3.210052e+00 3.236394e+00 3.216011e+00 1.606217e+00 2.695511e+00
<GConst> 1.025404e+02
<TransP> 5
 0.000000e+00 1.000000e+00 0.000000e+00 0.000000e+00 0.000000e+00
 0.000000e+00 6.842726e-01 3.157273e-01 0.000000e+00 0.000000e+00
 0.000000e+00 0.000000e+00 8.003823e-01 1.996177e-01 0.000000e+00
 0.000000e+00 0.000000e+00 0.000000e+00 7.368301e-01 2.631699e-01
 0.000000e+00 0.000000e+00 0.000000e+00 0.000000e+00 0.000000e+00
<EndHMM>
~h "zz"
<BeginHMM>
<NumStates> 5
<State> 2
<Mean> 25
 -4.030305e+00 6.442315e+00 1.230769e+01 -4.300862e+00 -5.018184e+00 -8.336111e+00 -8.117133e+00 -6.256735e+00 3.304956e+00 -2.850628e+00 3.579748e+00 -1.193072e+00 -4.491899e+00 2.177828e+00 1.411174e+00 -2.627713e-01 1.308099e+00 4.680189e-01 1.759497e+00 -1.470357e+00 2.797680e-01 -1.510563e+00 1.390249e+00 -6.402070e-01 6.440868e-01
<Variance> 25
 5.239211e+01 2.912222e+01 8.727689e+00 7.560046e+00 1.403865e+01 5.015313e+01 2.686300e+01 1.183552e+01 3.116877e+01 2.373704e+01 2.964674e+01 2.419419e+01 1.183947e+00 4.368821e-01 1.884020e+00 9.062252e-01 8.356809e-01 5.010448e+00 2.817520e+00 2.534196e+00 1.767975e+00 6.899307e-01 4.128538e+00 6.500592e-01 3.788100e-01
<GConst> 8.645586e+01
<State> 3
<Mean> 25
 -1.860941e+01 1.212696e+01 1.460587e+01 -1.292028e+00 -1.829035e+00 6.861544e-01 2.147528e+00 -6.571811e+00 6.894604e+00 3.908103e-01 5.934045e+00 -7.514558e-01 -4.975616e-01 -2.634484e-01 3.948151e-01 6.342106e-02 1.297500e-01 4.034309e-01 3.699872e-01 -3.553633e-03 1.227719e-01 1.860788e-01 4.233390e-01 1.214744e-01 1.562719e-01
<Variance> 25
 9.061717e+00 1.132077e+01 1.001198e+01 1.114786e+01 2.414942e+01 2.506554e+01 3.707559e+01 2.323815e+01 6.721868e+01 2.606234e+01 1.137993e+01 1.475422e+01 4.077590e+00 1.047575e+00 1.473968e+00 1.274487e+00 2.239309e+00 3.947294e+00 2.997255e+00 3.261588e+00 2.997511e+00 3.403592e+00 1.840474e+00 1.839063e+00 2.523952e-01
<GConst> 8.975571e+01
<State> 4
<Mean> 25
 -1.050782e+01 7.023079e+00 1.378089e+01 -1.696669e+00 1.477859e+00 2.607409e+00 -5.141710e+00 -2.968992e+00 6.141998e+00 -5.073876e+00 7.841280e+00 2.311702e-01 1.623237e+00 -4.677905e-01 -7.590271e-01 -1.503815e-01 -7.899452e-01 -3.919530e-01 -1.940896e-02 -1.990192e-01 -6.305757e-01 5.007803e-01 -1.856714e-01 1.059326e-01 -7.855482e-01
<Variance> 25
 1.811245e+01 1.172353e+01 1.927681e+01 6.557836e+00 3.581443e+01 3.792786e+01 1.994249e+01 1.322617e+01 2.725336e+01 1.056078e+01 9.312212e+00 4.984537e+00 3.978997e+00 2.248558e+00 9.198921e-01 1.502257e+00 2.158192e+00 2.614021e+00 1.769716e+00 1.094273e+00 1.036464e+00 3.637293e+00 9.862068e-01 8.169650e-01 6.961109e-01
<GConst> 8.408838e+01
<TransP> 5
 0.000000e+00 1.000000e+00 0.000000e+00 0.000000e+00 0.000000e+00
 0.000000e+00 6.257401e-01 3.742599e-01 0.000000e+00 0.000000e+00
 0.000000e+00 0.000000e+00 8.799504e-01 1.200496e-01 0.000000e+00
 0.000000e+00 0.000000e+00 0.000000e+00 8.335618e-01 1.664382e-01
 0.000000e+00 0.000000e+00 0.000000e+00 0.000000e+00 0.000000e+00
<EndHMM>
~h "dzz"
<BeginHMM>
<NumStates> 5
<State> 2
<Mean> 25
 3.228849e-01 6.864885e+00 4.747233e+00 7.370527e-01 2.312961e-01 -6.224580e+00 -1.287854e+00 1.827624e+00 -5.842277e-01 -2.473035e+00 -3.778722e-01 -3.556077e-01 -4.216015e+00 8.918812e-01 6.923307e-01 -8.772069e-01 8.848770e-01 9.573187e-01 -4.833563e-01 6.795232e-01 1.981732e+00 -6.576861e-01 1.514381e+00 8.637468e-01 1.108242e+00
<Variance> 25
 5.177916e+01 3.189050e+01 1.781905e+01 3.674632e+01 3.922728e+01 5.145237e+01 5.347729e+01 3.044005e+01 5.502379e+01 2.539772e+01 3.929066e+01 2.546466e+01 3.754058e+00 5.733702e+00 1.728068e+00 2.295102e+00 4.306492e+00 1.368211e+00 3.635270e+00 2.835943e+00 9.322905e+00 2.942518e+00 3.845922e+00 1.044826e+00 2.171235e+00
<GConst> 1.030278e+02
<State> 3
<Mean> 25
 -9.415579e+00 7.799628e+00 7.672819e+00 -2.404046e+00 -2.105940e-01 -2.460361e+00 -3.252830e+00 -9.859371e-02 2.995724e+00 -2.476379e+00 2.808821e+00 1.760493e+00 1.367167e-01 -8.224127e-01 4.615241e-01 -1.830741e-01 -9.913693e-01 -3.334616e-01 -4.820510e-01 -6.282387e-01 1.789185e-01 8.524866e-02 2.853152e-01 1.055723e-01 8.760747e-01
<Variance> 25
 5.080532e+01 2.270076e+01 2.293305e+01 3.377050e+01 3.018600e+01 5.574795e+01 3.936385e+01 3.296436e+01 4.019906e+01 4.117249e+01 3.905632e+01 2.035179e+01 1.561857e+01 4.784250e+00 2.427670e+00 2.690058e+00 4.041506e+00 5.302724e+00 3.874244e+00 3.741295e+00 5.744032e+00 2.894378e+00 4.275120e+00 2.015006e+00 2.699567e+00
<GConst> 1.062221e+02
<State> 4
<Mean> 25
 1.034016e+00 5.236482e-01 7.108973e+00 -4.874237e-01 -6.842018e+00 -6.587878e+00 -4.776814e+00 -3.675264e+00 1.360075e+00 -1.032321e+00 4.763715e-01 -2.476812e-01 3.759179e+00 -2.841561e+00 -1.322672e+00 -1.943709e-01 -9.652300e-01 1.364994e-01 -7.344479e-01 1.839205e-01 -2.704589e-01 1.525604e+00 -8.800521e-01 -9.287821e-01 7.098358e-01
<Variance> 25
 9.889113e+00 2.011951e+01 2.847074e+01 2.645317e+01 3.516748e+01 2.510831e+01 3.630518e+01 2.781552e+01 2.915368e+01 2.453119e+01 2.099601e+01 1.712751e+01 1.656788e+00 2.653841e+00 3.501247e+00 2.245879e+00 5.734863e+00 3.006160e+00 3.908961e+00 3.600949e+00 8.018682e+00 6.045764e+00 4.828909e+00 1.352010e+00 7.597491e-01
<GConst> 9.854010e+01
<TransP> 5
 0.000000e+00 1.000000e+00 0.000000e+00 0.000000e+00 0.000000e+00
 0.000000e+00 0.000000e+00 1.000000e+00 0.000000e+00 0.000000e+00
 0.000000e+00 0.000000e+00 8.150775e-01 1.849224e-01 0.000000e+00
 0.000000e+00 0.000000e+00 0.000000e+00 0.000000e+00 1.000000e+00
 0.000000e+00 0.000000e+00 0.000000e+00 0.000000e+00 0.000000e+00
<EndHMM>
~h "sil"
<BeginHMM>
<NumStates> 5
<State> 2
<Mean> 25
 -5.155070e+00 5.283524e-01 -1.136052e+00 2.126223e+00 3.978381e+00 1.746719e+00 4.670679e+00 1.404898e+00 2.112883e+00 -8.703983e-01 -4.847583e-01 2.428490e+00 -3.519128e-01 -3.771801e-01 1.974466e-01 7.220092e-02 2.505443e-01 2.016046e-01 1.769353e-01 1.461450e-01 3.459024e-02 -1.046185e-01 1.609766e-01 1.370356e-01 -5.793637e-02
<Variance> 25
 2.296897e+01 2.630933e+01 2.348019e+01 2.184073e+01 2.318304e+01 2.888824e+01 3.075335e+01 3.589948e+01 2.660556e+01 2.841919e+01 3.443903e+01 2.397525e+01 1.097159e+00 1.752742e+00 1.321817e+00 1.448566e+00 1.637315e+00 1.639676e+00 1.957888e+00 2.134890e+00 2.004854e+00 1.807363e+00 1.909703e+00 1.849698e+00 1.242952e+00
<GConst> 9.193713e+01
<State> 3
~s "silst"
<State> 4
<Mean> 25
 -6.892448e+00 -2.160290e+00 8.100543e-01 4.647474e+00 6.196246e+00 3.796416e+00 5.544573e+00 2.992702e+00 2.182422e+00 2.215607e+00 4.171907e+00 3.921680e+00 2.163856e-01 4.519065e-01 -4.693929e-03 1.131040e-01 -1.662440e-02 2.917342e-02 -1.481187e-01 -3.223231e-01 -5.406064e-02 1.850000e-01 1.535894e-02 -7.796752e-03 2.948649e-02
<Variance> 25
 1.735533e+01 4.437888e+01 2.504342e+01 3.792656e+01 3.596289e+01 3.126719e+01 2.840474e+01 2.951968e+01 2.697553e+01 2.747910e+01 3.247922e+01 2.140085e+01 1.759883e+00 2.729462e+00 1.683219e+00 1.621778e+00 2.039430e+00 2.397257e+00 2.621156e+00 2.724941e+00 2.258124e+00 2.204316e+00 2.061476e+00 1.993524e+00 2.755490e+00
<GConst> 9.651742e+01
<TransP> 5
 0.000000e+00 1.000000e+00 0.000000e+00 0.000000e+00 0.000000e+00
 0.000000e+00 8.711346e-01 1.288654e-01 0.000000e+00 0.000000e+00
 0.000000e+00 0.000000e+00 9.538381e-01 4.616195e-02 0.000000e+00
 0.000000e+00 0.000000e+00 0.000000e+00 8.559331e-01 1.440669e-01
 0.000000e+00 0.000000e+00 0.000000e+00 0.000000e+00 0.000000e+00
<EndHMM>
~h "tss"
<BeginHMM>
<NumStates> 5
<State> 2
<Mean> 25
 -1.035158e+01 8.388322e+00 3.857157e+00 -3.980558e+00 9.952076e-02 2.105918e-04 -2.694375e-01 -2.923236e+00 4.136755e+00 3.190087e+00 1.324272e+00 -8.711060e-01 -3.774705e+00 6.459804e-01 4.954648e-01 -1.447363e+00 1.866104e-01 1.662707e+00 2.462486e-01 1.076260e+00 1.306558e+00 4.387783e-01 2.121153e+00 7.764586e-01 1.337787e+00
<Variance> 25
 7.830128e+01 3.795272e+01 6.357200e+01 2.913927e+01 6.260127e+01 4.705301e+01 3.057960e+01 4.158335e+01 5.659309e+01 3.304287e+01 6.321920e+01 2.849339e+01 3.134749e+00 3.265968e+00 3.995390e+00 2.515374e+00 1.423166e+00 3.192783e+00 2.040220e+00 1.948093e+00 3.185482e+00 2.711205e+00 2.136801e+00 3.221697e+00 4.242442e+00
<GConst> 1.046918e+02
<State> 3
<Mean> 25
 -2.018760e+01 5.880913e+00 7.020068e+00 -4.448951e+00 5.908633e-01 4.855784e+00 2.976939e+00 1.718140e+00 7.229534e+00 5.077549e+00 9.454451e+00 4.580857e+00 1.896554e+00 -1.732702e+00 1.225236e+00 1.917263e+00 -4.219392e-02 -5.765460e-01 1.146834e+00 2.918730e-01 -8.883393e-01 -5.463381e-01 -8.964209e-01 -4.726624e-01 -7.937655e-01
<Variance> 25
 9.025461e+00 7.995358e+00 2.531605e+01 3.422281e+01 2.678086e+01 1.484675e+01 3.134929e+01 4.367298e+01 4.320063e+01 2.998708e+01 6.097569e+01 1.820783e+01 4.279401e+00 1.046942e+00 2.353085e+00 1.710932e+00 2.643447e+00 2.880894e+00 1.744270e+00 2.251937e+00 1.405019e+00 5.229840e+00 4.753747e+00 1.733202e+00 1.958016e+00
<GConst> 9.544253e+01
<State> 4
<Mean> 25
 -6.132686e+00 3.073814e+00 8.347707e+00 -1.512332e+00 -3.923698e+00 6.101887e-01 4.289198e-01 -3.027129e+00 2.834265e+00 1.455728e+00 4.827539e-01 -1.958137e+00 5.358065e+00 -3.871849e-01 -1.023545e+00 -1.018524e+00 -2.254123e+00 -1.825509e+00 -1.756570e+00 -1.550516e+00 -1.501778e+00 -1.297240e+00 -3.179207e+00 -2.124154e+00 4.860482e-01
<Variance> 25
 4.759929e+01 1.569369e+01 3.284956e+01 2.696501e+01 3.329466e+01 2.337376e+01 2.638572e+01 4.364943e+01 3.339417e+01 3.597830e+01 4.328204e+01 2.609985e+01 1.260983e+00 6.073486e-01 3.301385e+00 4.086025e+00 6.319845e+00 3.054613e+00 2.740513e+00 9.656281e-01 3.605100e+00 1.459267e+00 3.400154e+00 1.086326e+00 1.588714e+00
<GConst> 9.687500e+01
<TransP> 5
 0.000000e+00 1.000000e+00 0.000000e+00 0.000000e+00 0.000000e+00
 0.000000e+00 7.870656e-01 2.129344e-01 0.000000e+00 0.000000e+00
 0.000000e+00 0.000000e+00 5.342932e-01 4.657068e-01 0.000000e+00
 0.000000e+00 0.000000e+00 0.000000e+00 6.474485e-01 3.525514e-01
 0.000000e+00 0.000000e+00 0.000000e+00 0.000000e+00 0.000000e+00
<EndHMM>
~h "glot"
<BeginHMM>
<NumStates> 5
<State> 2
<Mean> 25
 2.303959e+00 -3.140085e+00 -2.382103e+00 -1.903718e+00 9.380027e-01 1.490463e+00 -4.137188e-01 2.847392e-01 1.073813e+00 1.215598e+00 8.561049e-01 -2.087473e-01 8.244600e-01 -9.429982e-01 -6.050498e-01 -9.468210e-01 3.484748e-01 4.561355e-01 -4.437026e-01 -1.004591e-01 -9.811181e-02 -3.187439e-01 -4.514077e-01 -6.851053e-01 1.808831e+00
<Variance> 25
 2.186205e+01 4.657948e+01 4.643392e+01 5.500703e+01 6.989322e+01 5.083072e+01 4.782778e+01 4.397464e+01 3.808080e+01 3.613847e+01 3.205355e+01 3.520801e+01 2.802587e+00 3.776732e+00 3.251420e+00 4.977677e+00 3.609617e+00 2.286016e+00 5.704976e+00 3.799720e+00 2.948143e+00 2.980868e+00 3.210042e+00 2.248398e+00 7.931962e+00
<GConst> 1.073517e+02
<State> 3
<Mean> 25
 3.808026e+00 -3.621641e+00 -2.453102e+00 -3.274820e+00 -1.503753e-01 2.397322e-03 -1.463617e+00 9.140979e-01 6.630476e-01 1.336814e+00 -4.381381e-01 -1.179851e+00 9.552110e-02 -2.511131e-01 -1.919462e-01 -4.383538e-01 2.153119e-01 4.903651e-01 2.280535e-01 3.233374e-01 -4.392757e-01 -4.856800e-01 -3.179193e-01 -1.763067e-01 8.059398e-01
<Variance> 25
 1.250689e+01 4.244701e+01 5.360826e+01 4.373469e+01 6.612553e+01 4.588089e+01 5.212027e+01 5.087939e+01 5.351533e+01 4.554467e+01 2.948981e+01 3.415400e+01 8.795924e-01 2.041523e+00 1.900391e+00 1.897241e+00 2.409158e+00 1.920454e+00 3.827713e+00 2.979475e+00 2.723080e+00 1.993582e+00 3.424921e+00 2.221010e+00 3.632337e+00
<GConst> 1.014398e+02
<State> 4
<Mean> 25
 4.368249e+00 -3.161102e+00 -2.807158e+00 -6.468372e+00 -1.806332e-01 4.142361e+00 -1.104970e-01 7.318437e-01 -8.001233e-01 4.670385e-01 -4.006016e-02 -1.453242e+00 -1.534273e-03 1.315450e-01 -3.118464e-02 -1.534937e-01 -9.906124e-03 3.571937e-01 3.714914e-01 1.677797e-01 -4.766211e-01 -3.975631e-01 -1.909828e-01 1.796066e-01 2.858427e-01
<Variance> 25
 1.255644e+01 3.754563e+01 4.395610e+01 8.667726e+01 5.041647e+01 9.511507e+01 5.694754e+01 4.116498e+01 4.421555e+01 3.277922e+01 3.501277e+01 2.931659e+01 5.972605e-01 1.374163e+00 1.353753e+00 1.760307e+00 1.703236e+00 2.087266e+00 2.047203e+00 2.257619e+00 1.893805e+00 2.079897e+00 2.345178e+00 1.589679e+00 1.644667e+00
<GConst> 9.745027e+01
<TransP> 5
 0.000000e+00 1.000000e+00 0.000000e+00 0.000000e+00 0.000000e+00
 0.000000e+00 3.085147e-01 6.914853e-01 0.000000e+00 0.000000e+00
 0.000000e+00 0.000000e+00 1.066026e-05 9.999893e-01 0.000000e+00
 0.000000e+00 0.000000e+00 0.000000e+00 2.277753e-01 7.722247e-01
 0.000000e+00 0.000000e+00 0.000000e+00 0.000000e+00 0.000000e+00
<EndHMM>
~h "dummy"
<BeginHMM>
<NumStates> 5
<State> 2
<Mean> 25
 -1.632040e+00 2.543899e+00 -2.982864e-01 8.979394e-01 5.735042e+00 9.484516e+00 5.541725e+00 2.022413e+00 9.319219e+00 1.324710e+00 -4.525824e-02 2.206978e+00 -1.941648e-04 1.523142e-03 2.843659e-04 -4.552801e-03 -1.029005e-04 -1.442783e-03 -1.573886e-03 -2.276876e-03 2.386637e-03 4.560287e-03 -1.709112e-03 1.819966e-03 8.414249e-04
<Variance> 25
 1.590757e+01 3.586568e+01 3.836834e+01 4.172993e+01 4.242700e+01 8.309127e+01 6.349709e+01 5.138315e+01 1.095305e+02 8.417519e+01 3.427214e+01 5.203077e+01 6.251435e-01 1.300340e+00 1.148355e+00 1.217645e+00 1.319993e+00 1.794834e+00 1.760712e+00 1.771608e+00 2.213235e+00 1.999868e+00 1.640571e+00 1.735691e+00 6.369676e-01
<GConst> 9.675645e+01
<State> 3
<Mean> 25
 9.663484e-01 6.920059e-01 1.338215e+00 -1.419320e-01 1.722771e+00 1.122261e+00 -5.561134e-01 2.711675e+00 9.872556e-02 1.176686e+00 1.160865e+00 -1.936149e+00 3.532332e-03 6.287390e-03 2.819489e-03 3.370387e-03 -2.413518e-03 -6.125278e-03 -7.854631e-04 -5.924367e-03 -5.998499e-03 1.921583e-04 -5.218539e-03 -1.210521e-02 4.761633e-03
<Variance> 25
 4.290941e+01 3.236289e+01 4.463516e+01 6.231589e+01 4.538432e+01 4.429181e+01 8.008060e+01 5.039339e+01 4.905548e+01 4.525363e+01 3.679045e+01 3.420335e+01 2.140306e+00 2.475278e+00 2.632667e+00 3.176277e+00 2.993893e+00 2.875587e+00 5.116282e+00 3.385231e+00 3.501131e+00 2.873900e+00 2.501362e+00 2.154613e+00 1.617411e+00
<GConst> 1.051351e+02
<State> 4
<Mean> 25
 2.067920e+00 -1.023639e+00 -1.106219e+00 -3.269161e+00 -3.076646e+00 -2.284666e+00 -2.208829e+00 -2.158983e+00 -3.877769e+00 -3.156595e+00 -4.240056e+00 -2.120616e+00 4.621774e-03 -6.751881e-03 -2.565212e-03 -3.052332e-03 -8.224863e-03 2.364795e-03 -1.788983e-03 9.654451e-04 -3.829692e-03 1.839985e-03 -3.207877e-04 -2.630290e-04 -1.642385e-03
<Variance> 25
 6.475861e+01 4.388636e+01 6.191281e+01 6.305311e+01 7.696586e+01 6.857639e+01 6.610506e+01 7.913662e+01 6.642896e+01 6.084548e+01 5.826720e+01 4.661823e+01 3.599305e+00 3.115398e+00 3.096882e+00 3.960273e+00 4.986140e+00 4.680219e+00 4.701312e+00 5.201672e+00 4.549770e+00 3.764607e+00 3.729394e+00 3.165325e+00 3.808019e+00
<GConst> 1.134311e+02
<TransP> 5
 0.000000e+00 1.000000e+00 0.000000e+00 0.000000e+00 0.000000e+00
 0.000000e+00 9.926457e-01 7.354278e-03 0.000000e+00 0.000000e+00
 0.000000e+00 0.000000e+00 9.924327e-01 7.567305e-03 0.000000e+00
 0.000000e+00 0.000000e+00 0.000000e+00 9.953623e-01 4.637650e-03
 0.000000e+00 0.000000e+00 0.000000e+00 0.000000e+00 0.000000e+00
<EndHMM>
~h "laugh"
<BeginHMM>
<NumStates> 5
<State> 2
<Mean> 25
 1.308898e-01 4.407695e+00 6.164397e+00 6.873693e+00 7.475672e+00 4.561427e+00 4.186729e+00 4.201140e+00 1.741775e+00 1.273039e+00 9.617083e-01 1.557271e+00 -1.619423e-02 1.043634e-02 -3.279839e-02 5.478944e-03 1.722939e-02 1.546016e-02 3.575483e-02 6.282187e-02 6.958365e-02 7.696594e-02 6.463683e-02 4.477917e-02 -2.016013e-01
<Variance> 25
 2.126154e+01 2.176566e+01 2.308778e+01 1.991090e+01 3.025919e+01 2.574180e+01 2.606204e+01 2.808623e+01 2.837764e+01 3.427613e+01 2.385568e+01 2.036270e+01 5.060064e-01 6.810029e-01 8.187946e-01 1.032827e+00 1.389741e+00 1.594536e+00 1.682364e+00 1.682619e+00 1.729305e+00 1.762614e+00 1.596402e+00 1.414849e+00 1.123005e+00
<GConst> 8.718272e+01
<State> 3
<Mean> 25
 1.086255e+00 -3.444057e+00 -3.643520e+00 -3.258229e-01 -8.367449e-01 -3.860886e+00 -1.409535e+00 -1.715146e+00 1.360691e+00 -8.020979e-01 -2.063041e+00 -1.300302e+00 2.222299e-04 -5.159181e-02 -3.214992e-02 -2.652035e-02 -1.614371e-02 -2.575523e-04 1.191752e-03 1.708912e-02 4.146176e-02 6.320528e-04 -1.589914e-02 -7.865106e-03 -2.520481e-02
<Variance> 25
 4.315716e+01 4.429416e+01 5.611147e+01 6.371170e+01 9.073957e+01 9.802730e+01 7.625025e+01 8.956502e+01 7.786357e+01 7.703717e+01 6.634733e+01 5.945661e+01 2.931134e+00 3.264597e+00 3.671888e+00 4.657755e+00 7.194716e+00 7.198976e+00 5.487810e+00 6.689366e+00 5.825801e+00 5.753626e+00 5.224271e+00 4.362719e+00 6.939075e+00
<GConst> 1.178098e+02
<State> 4
<Mean> 25
 -3.438959e+00 -4.581628e+00 -2.404894e+00 2.605282e+00 5.370144e+00 2.135802e+00 2.705307e+00 5.378086e+00 6.070327e+00 3.298659e+00 9.674025e-01 2.855415e+00 -8.214511e-02 1.378426e-02 -5.454756e-02 -6.563910e-02 -6.723020e-02 -2.995613e-02 8.164489e-03 -2.072649e-02 -2.503311e-02 7.587002e-02 8.176615e-02 6.651142e-02 -2.831582e-01
<Variance> 25
 2.533042e+01 3.098257e+01 3.000614e+01 3.095626e+01 4.019671e+01 4.613441e+01 3.844774e+01 4.234581e+01 4.203744e+01 4.513235e+01 3.812264e+01 3.876007e+01 7.933049e-01 1.215401e+00 1.219859e+00 1.472366e+00 1.921122e+00 2.026465e+00 2.090768e+00 2.203301e+00 2.328192e+00 2.387842e+00 2.301816e+00 2.050672e+00 1.685724e+00
<GConst> 9.643859e+01
<TransP> 5
 0.000000e+00 1.000000e+00 0.000000e+00 0.000000e+00 0.000000e+00
 0.000000e+00 9.357172e-01 6.428280e-02 0.000000e+00 0.000000e+00
 0.000000e+00 0.000000e+00 9.691849e-01 3.081512e-02 0.000000e+00
 0.000000e+00 0.000000e+00 0.000000e+00 9.494476e-01 5.055247e-02
 0.000000e+00 0.000000e+00 0.000000e+00 0.000000e+00 0.000000e+00
<EndHMM>
~h "noise"
<BeginHMM>
<NumStates> 5
<State> 2
<Mean> 25
 2.807395e-01 1.474263e-01 6.953185e-01 2.024702e-01 1.629292e-01 -7.317472e-02 -8.118668e-02 -2.426113e-01 -1.092038e-01 -6.257833e-01 -8.582534e-01 -1.554553e-01 -1.712661e-01 -2.292384e-01 -1.485993e-01 -6.776345e-02 5.353101e-02 5.501343e-02 1.019161e-01 1.733762e-01 1.667868e-01 4.093227e-02 7.227267e-02 7.168749e-02 1.625487e-01
<Variance> 25
 6.057380e+01 4.635712e+01 6.032808e+01 6.139095e+01 8.526501e+01 6.565527e+01 6.191894e+01 5.724211e+01 5.460595e+01 5.114474e+01 4.658865e+01 3.906421e+01 5.367339e+00 4.091873e+00 4.506637e+00 5.720000e+00 7.344190e+00 6.193740e+00 5.938200e+00 5.709569e+00 5.341121e+00 4.907612e+00 4.376925e+00 3.483678e+00 8.357631e+00
<GConst> 1.161426e+02
<State> 3
<Mean> 25
 -5.935339e+00 -4.824658e+00 -1.936915e+00 6.144067e-01 1.297478e+00 6.812032e-01 3.318014e+00 3.799116e+00 2.136591e+00 1.385204e-01 2.284827e+00 3.054869e+00 -4.025672e-02 1.899956e-02 1.090330e-02 7.126060e-03 -1.078425e-03 2.249643e-02 2.866205e-02 2.462680e-02 6.846793e-03 2.501966e-02 2.784657e-02 2.338503e-02 -3.338369e-02
<Variance> 25
 2.883747e+01 2.488883e+01 2.155115e+01 2.579969e+01 3.252287e+01 3.430141e+01 2.931656e+01 2.954665e+01 3.251694e+01 3.364789e+01 2.713454e+01 2.337476e+01 9.647620e-01 1.174191e+00 1.130043e+00 1.306678e+00 1.691053e+00 1.900383e+00 1.858102e+00 2.050581e+00 2.071916e+00 2.236214e+00 1.886817e+00 1.790248e+00 1.533059e+00
<GConst> 9.227253e+01
<State> 4
<Mean> 25
 -1.936817e-01 1.636367e-01 1.943444e-01 3.846923e-01 4.419009e-01 3.949106e-01 1.374265e-01 3.662388e-01 5.822751e-02 8.760945e-02 3.797397e-01 2.213395e-02 4.471203e-03 5.483059e-03 3.168369e-03 1.530330e-03 -1.388274e-03 -2.960610e-03 -4.817908e-03 -5.729194e-03 -3.832867e-03 -1.503168e-03 -2.309530e-03 -2.579584e-03 -1.660670e-03
<Variance> 25
 5.540400e+01 2.745567e+01 3.421735e+01 3.861478e+01 5.895769e+01 5.827910e+01 5.287592e+01 4.141915e+01 4.218786e+01 3.771463e+01 3.842628e+01 2.829756e+01 2.113431e+00 1.480271e+00 1.763924e+00 2.237121e+00 3.243348e+00 3.208064e+00 2.951044e+00 2.730482e+00 2.654402e+00 2.355454e+00 2.333094e+00 1.939520e+00 2.092989e+00
<GConst> 1.016813e+02
<TransP> 5
 0.000000e+00 1.000000e+00 0.000000e+00 0.000000e+00 0.000000e+00
 0.000000e+00 8.156859e-01 1.843141e-01 0.000000e+00 0.000000e+00
 0.000000e+00 0.000000e+00 9.166008e-01 8.339918e-02 0.000000e+00
 0.000000e+00 0.000000e+00 0.000000e+00 9.944005e-01 5.599470e-03
 0.000000e+00 0.000000e+00 0.000000e+00 0.000000e+00 0.000000e+00
<EndHMM>
